chr3	186327788	+	chr3	119049964	+	.	0	37	4082317_1	99.0	.	BX=GCCACTTAGGCATTTC-1_1,CCAATCCAGTATCTCG-1_1,GTGGCACTCCCAACGG-1_1,AGGCGAAGTCGTTGGC-1_2,TACTTGTTCGTGGTCG-1_1,TGCCCTAGTGAAATCA-1_1,GGCAATTTCGTATCAG-1_2,CTGGTCTAGCTCGCTG-1_1,CTGTAAGTCTTCACGC-1_1,ATGCGGCCAAACCGAG-1_2,ATCTATCGTAACGACG-1_2,GTTGCCTGTAAGAGAG-1_1,GACACATTCAACGATC-1_1,CTATCTAGTCTTACCC-1_2,GGGCCATGTCAACCGC-1_2,CTCACACGTACGAAAT-1_1,ACACCGGAGTGGACAC-1_1,GAGATGGAGCAGTCTT-1_1,CCACCTAAGTGAGAAG-1_1,GTTTGAGTCACGACGC-1_2,AGTAGTCAGACAGATT-1_1,ATGCGGCGTCTCAACA-1_1,CGGTGACTCGAGAAGC-1_1,CTACCCACACTTGGAT-1_1,CGCAAGCAGCACAGGT-1_1,GCTCTGTGTTGCGGCT-1_1,TCGAAACCAACGCACC-1_1;EVDNC=ASSMB;HOMSEQ=TGA;MAPQ=60;MATEID=4082317_2;MATENM=0;NM=0;NUMPARTS=2;SCTG=c_3_186322501_186347501_50C;SPAN=67277824;SVTYPE=BND;TOOL=svaba;GENOTYPE=OC001B.bam(GT:0/0 AD:0 DP:19 GQ:5.1 PL:[0.0, 5.1, 56.1] SR:0 DR:0 LR:5.338 LO:0.0),OC001T.bam(GT:0/1 AD:37 DP:54 GQ:27.8 PL:[107.0, 0.0, 27.8] SR:37 DR:0 LR:-109.5 LO:109.5);ALT=]chr3:186327788]T;VARTYPE=BND:DUP-th;JOINTYPE=th	.
chr3	186327788	+	chr3	119049964	+	.	0	37	4082317_1	99.0	.	BX=GCCACTTAGGCATTTC-1_1,CCAATCCAGTATCTCG-1_1,GTGGCACTCCCAACGG-1_1,AGGCGAAGTCGTTGGC-1_2,TACTTGTTCGTGGTCG-1_1,TGCCCTAGTGAAATCA-1_1,GGCAATTTCGTATCAG-1_2,CTGGTCTAGCTCGCTG-1_1,CTGTAAGTCTTCACGC-1_1,ATGCGGCCAAACCGAG-1_2,ATCTATCGTAACGACG-1_2,GTTGCCTGTAAGAGAG-1_1,GACACATTCAACGATC-1_1,CTATCTAGTCTTACCC-1_2,GGGCCATGTCAACCGC-1_2,CTCACACGTACGAAAT-1_1,ACACCGGAGTGGACAC-1_1,GAGATGGAGCAGTCTT-1_1,CCACCTAAGTGAGAAG-1_1,GTTTGAGTCACGACGC-1_2,AGTAGTCAGACAGATT-1_1,ATGCGGCGTCTCAACA-1_1,CGGTGACTCGAGAAGC-1_1,CTACCCACACTTGGAT-1_1,CGCAAGCAGCACAGGT-1_1,GCTCTGTGTTGCGGCT-1_1,TCGAAACCAACGCACC-1_1;EVDNC=ASSMB;HOMSEQ=TGA;MAPQ=60;MATEID=4082317_2;MATENM=0;NM=0;NUMPARTS=2;SCTG=c_3_186322501_186347501_50C;SPAN=67277824;SVTYPE=BND;TOOL=svaba;GENOTYPE=OC001B.bam(GT:0/0 AD:0 DP:19 GQ:5.1 PL:[0.0, 5.1, 56.1] SR:0 DR:0 LR:5.338 LO:0.0),OC001T.bam(GT:0/1 AD:37 DP:54 GQ:27.8 PL:[107.0, 0.0, 27.8] SR:37 DR:0 LR:-109.5 LO:109.5);ALT=]chr3:186327788]T;VARTYPE=BND:DUP-th;JOINTYPE=th	.
h=chr3:119048964-119050964	v=chr3:119048964-119050964	resolution=100	axis=0,0
63.0,39.0,35.0,35.0,30.0,26.0,25.0,29.0,26.0,28.0,21.0,21.0,22.0,19.0,18.0,20.0,23.0,12.0,13.0,14.0
39.0,102.0,55.0,53.0,43.0,46.0,43.0,37.0,39.0,38.0,38.0,30.0,32.0,45.0,40.0,33.0,36.0,21.0,23.0,17.0
35.0,55.0,124.0,60.0,50.0,62.0,54.0,44.0,39.0,40.0,39.0,38.0,36.0,46.0,39.0,29.0,34.0,25.0,27.0,19.0
35.0,53.0,60.0,122.0,59.0,56.0,62.0,41.0,47.0,48.0,45.0,39.0,40.0,50.0,34.0,34.0,39.0,28.0,32.0,20.0
30.0,43.0,50.0,59.0,107.0,56.0,45.0,46.0,45.0,44.0,36.0,42.0,38.0,46.0,29.0,28.0,29.0,21.0,28.0,19.0
26.0,46.0,62.0,56.0,56.0,129.0,70.0,54.0,49.0,51.0,45.0,43.0,43.0,53.0,46.0,34.0,40.0,28.0,32.0,24.0
25.0,43.0,54.0,62.0,45.0,70.0,122.0,63.0,54.0,54.0,47.0,42.0,42.0,42.0,40.0,38.0,41.0,25.0,34.0,19.0
29.0,37.0,44.0,41.0,46.0,54.0,63.0,114.0,61.0,49.0,48.0,41.0,44.0,45.0,39.0,29.0,33.0,19.0,25.0,18.0
26.0,39.0,39.0,47.0,45.0,49.0,54.0,61.0,114.0,62.0,45.0,51.0,51.0,53.0,36.0,33.0,37.0,28.0,27.0,21.0
28.0,38.0,40.0,48.0,44.0,51.0,54.0,49.0,62.0,133.0,69.0,58.0,57.0,58.0,51.0,40.0,41.0,32.0,34.0,20.0
21.0,38.0,39.0,45.0,36.0,45.0,47.0,48.0,45.0,69.0,116.0,55.0,53.0,57.0,50.0,42.0,38.0,23.0,29.0,19.0
21.0,30.0,38.0,39.0,42.0,43.0,42.0,41.0,51.0,58.0,55.0,142.0,76.0,63.0,52.0,43.0,45.0,34.0,38.0,31.0
22.0,32.0,36.0,40.0,38.0,43.0,42.0,44.0,51.0,57.0,53.0,76.0,151.0,86.0,55.0,59.0,63.0,35.0,37.0,31.0
19.0,45.0,46.0,50.0,46.0,53.0,42.0,45.0,53.0,58.0,57.0,63.0,86.0,157.0,87.0,57.0,64.0,48.0,50.0,32.0
18.0,40.0,39.0,34.0,29.0,46.0,40.0,39.0,36.0,51.0,50.0,52.0,55.0,87.0,140.0,66.0,61.0,56.0,41.0,35.0
20.0,33.0,29.0,34.0,28.0,34.0,38.0,29.0,33.0,40.0,42.0,43.0,59.0,57.0,66.0,123.0,69.0,43.0,45.0,31.0
23.0,36.0,34.0,39.0,29.0,40.0,41.0,33.0,37.0,41.0,38.0,45.0,63.0,64.0,61.0,69.0,132.0,55.0,55.0,41.0
12.0,21.0,25.0,28.0,21.0,28.0,25.0,19.0,28.0,32.0,23.0,34.0,35.0,48.0,56.0,43.0,55.0,106.0,44.0,34.0
13.0,23.0,27.0,32.0,28.0,32.0,34.0,25.0,27.0,34.0,29.0,38.0,37.0,50.0,41.0,45.0,55.0,44.0,116.0,42.0
14.0,17.0,19.0,20.0,19.0,24.0,19.0,18.0,21.0,20.0,19.0,31.0,31.0,32.0,35.0,31.0,41.0,34.0,42.0,89.0
h=chr3:119048964-119050964	v=chr3:186326788-186328788	resolution=100	axis=1,0
1.0,1.0,1.0,1.0,1.0,1.0,1.0,1.0,1.0,1.0,1.0,1.0,1.0,1.0,1.0,1.0,1.0,1.0,1.0,1.0
1.0,1.0,1.0,1.0,1.0,1.0,1.0,1.0,1.0,1.0,1.0,1.0,1.0,1.0,1.0,1.0,1.0,1.0,1.0,1.0
1.0,1.0,1.0,1.0,1.0,1.0,1.0,1.0,1.0,1.0,1.0,1.0,1.0,1.0,1.0,1.0,1.0,1.0,1.0,1.0
1.0,1.0,1.0,1.0,1.0,1.0,1.0,1.0,1.0,1.0,1.0,1.0,1.0,1.0,1.0,1.0,1.0,1.0,1.0,1.0
1.0,1.0,1.0,1.0,1.0,1.0,1.0,1.0,1.0,1.0,1.0,1.0,1.0,1.0,1.0,1.0,1.0,1.0,1.0,1.0
1.0,1.0,1.0,1.0,1.0,1.0,1.0,1.0,1.0,1.0,1.0,1.0,1.0,1.0,1.0,1.0,1.0,1.0,1.0,1.0
1.0,1.0,1.0,1.0,1.0,1.0,1.0,1.0,1.0,1.0,1.0,1.0,1.0,1.0,1.0,1.0,1.0,1.0,1.0,1.0
1.0,1.0,1.0,1.0,1.0,1.0,1.0,1.0,1.0,1.0,1.0,1.0,1.0,1.0,1.0,1.0,1.0,1.0,1.0,1.0
1.0,1.0,1.0,1.0,1.0,1.0,1.0,1.0,1.0,1.0,1.0,1.0,1.0,1.0,1.0,1.0,1.0,1.0,1.0,1.0
1.0,1.0,1.0,1.0,1.0,1.0,1.0,1.0,1.0,1.0,1.0,1.0,1.0,1.0,1.0,1.0,1.0,1.0,1.0,1.0
1.0,1.0,1.0,1.0,1.0,1.0,1.0,1.0,1.0,1.0,1.0,1.0,1.0,1.0,1.0,1.0,1.0,1.0,1.0,1.0
3.0,10.0,8.0,9.0,11.0,9.0,10.0,13.0,13.0,14.0,14.0,1.0,1.0,1.0,1.0,1.0,1.0,1.0,1.0,1.0
5.0,12.0,12.0,9.0,13.0,9.0,11.0,9.0,12.0,14.0,16.0,1.0,1.0,1.0,1.0,1.0,1.0,1.0,1.0,1.0
4.0,8.0,10.0,7.0,6.0,7.0,9.0,8.0,12.0,11.0,15.0,1.0,1.0,1.0,1.0,1.0,1.0,1.0,1.0,1.0
1.0,6.0,9.0,7.0,7.0,9.0,8.0,10.0,12.0,9.0,9.0,1.0,1.0,1.0,1.0,1.0,1.0,1.0,1.0,1.0
3.0,10.0,9.0,7.0,12.0,13.0,14.0,10.0,13.0,13.0,10.0,1.0,1.0,1.0,1.0,1.0,1.0,1.0,1.0,1.0
4.0,11.0,11.0,8.0,10.0,13.0,10.0,12.0,13.0,12.0,11.0,1.0,1.0,1.0,1.0,1.0,1.0,1.0,1.0,1.0
3.0,10.0,10.0,7.0,8.0,9.0,9.0,6.0,11.0,8.0,7.0,1.0,1.0,1.0,1.0,1.0,1.0,1.0,1.0,1.0
5.0,15.0,16.0,13.0,16.0,14.0,13.0,10.0,14.0,12.0,7.0,1.0,1.0,1.0,1.0,1.0,1.0,1.0,1.0,1.0
2.0,7.0,12.0,6.0,7.0,7.0,6.0,9.0,8.0,6.0,9.0,1.0,1.0,1.0,1.0,1.0,1.0,1.0,1.0,1.0
h=chr3:186326788-186328788	v=chr3:119048964-119050964	resolution=100	axis=0,1
1.0,1.0,1.0,1.0,1.0,1.0,1.0,1.0,1.0,1.0,1.0,3.0,5.0,4.0,1.0,3.0,4.0,3.0,5.0,2.0
1.0,1.0,1.0,1.0,1.0,1.0,1.0,1.0,1.0,1.0,1.0,10.0,12.0,8.0,6.0,10.0,11.0,10.0,15.0,7.0
1.0,1.0,1.0,1.0,1.0,1.0,1.0,1.0,1.0,1.0,1.0,8.0,12.0,10.0,9.0,9.0,11.0,10.0,16.0,12.0
1.0,1.0,1.0,1.0,1.0,1.0,1.0,1.0,1.0,1.0,1.0,9.0,9.0,7.0,7.0,7.0,8.0,7.0,13.0,6.0
1.0,1.0,1.0,1.0,1.0,1.0,1.0,1.0,1.0,1.0,1.0,11.0,13.0,6.0,7.0,12.0,10.0,8.0,16.0,7.0
1.0,1.0,1.0,1.0,1.0,1.0,1.0,1.0,1.0,1.0,1.0,9.0,9.0,7.0,9.0,13.0,13.0,9.0,14.0,7.0
1.0,1.0,1.0,1.0,1.0,1.0,1.0,1.0,1.0,1.0,1.0,10.0,11.0,9.0,8.0,14.0,10.0,9.0,13.0,6.0
1.0,1.0,1.0,1.0,1.0,1.0,1.0,1.0,1.0,1.0,1.0,13.0,9.0,8.0,10.0,10.0,12.0,6.0,10.0,9.0
1.0,1.0,1.0,1.0,1.0,1.0,1.0,1.0,1.0,1.0,1.0,13.0,12.0,12.0,12.0,13.0,13.0,11.0,14.0,8.0
1.0,1.0,1.0,1.0,1.0,1.0,1.0,1.0,1.0,1.0,1.0,14.0,14.0,11.0,9.0,13.0,12.0,8.0,12.0,6.0
1.0,1.0,1.0,1.0,1.0,1.0,1.0,1.0,1.0,1.0,1.0,14.0,16.0,15.0,9.0,10.0,11.0,7.0,7.0,9.0
1.0,1.0,1.0,1.0,1.0,1.0,1.0,1.0,1.0,1.0,1.0,1.0,1.0,1.0,1.0,1.0,1.0,1.0,1.0,1.0
1.0,1.0,1.0,1.0,1.0,1.0,1.0,1.0,1.0,1.0,1.0,1.0,1.0,1.0,1.0,1.0,1.0,1.0,1.0,1.0
1.0,1.0,1.0,1.0,1.0,1.0,1.0,1.0,1.0,1.0,1.0,1.0,1.0,1.0,1.0,1.0,1.0,1.0,1.0,1.0
1.0,1.0,1.0,1.0,1.0,1.0,1.0,1.0,1.0,1.0,1.0,1.0,1.0,1.0,1.0,1.0,1.0,1.0,1.0,1.0
1.0,1.0,1.0,1.0,1.0,1.0,1.0,1.0,1.0,1.0,1.0,1.0,1.0,1.0,1.0,1.0,1.0,1.0,1.0,1.0
1.0,1.0,1.0,1.0,1.0,1.0,1.0,1.0,1.0,1.0,1.0,1.0,1.0,1.0,1.0,1.0,1.0,1.0,1.0,1.0
1.0,1.0,1.0,1.0,1.0,1.0,1.0,1.0,1.0,1.0,1.0,1.0,1.0,1.0,1.0,1.0,1.0,1.0,1.0,1.0
1.0,1.0,1.0,1.0,1.0,1.0,1.0,1.0,1.0,1.0,1.0,1.0,1.0,1.0,1.0,1.0,1.0,1.0,1.0,1.0
1.0,1.0,1.0,1.0,1.0,1.0,1.0,1.0,1.0,1.0,1.0,1.0,1.0,1.0,1.0,1.0,1.0,1.0,1.0,1.0
h=chr3:186326788-186328788	v=chr3:186326788-186328788	resolution=100	axis=1,1
40.0,34.0,22.0,17.0,17.0,15.0,15.0,15.0,15.0,17.0,13.0,7.0,7.0,10.0,7.0,6.0,4.0,9.0,6.0,10.0
34.0,129.0,74.0,61.0,57.0,58.0,47.0,42.0,39.0,40.0,32.0,21.0,16.0,22.0,22.0,19.0,16.0,17.0,20.0,29.0
22.0,74.0,127.0,66.0,51.0,62.0,53.0,40.0,56.0,45.0,34.0,30.0,25.0,28.0,26.0,21.0,19.0,25.0,19.0,29.0
17.0,61.0,66.0,122.0,61.0,56.0,47.0,38.0,47.0,42.0,33.0,28.0,26.0,30.0,22.0,16.0,14.0,19.0,19.0,24.0
17.0,57.0,51.0,61.0,109.0,69.0,50.0,49.0,49.0,40.0,26.0,16.0,13.0,16.0,18.0,14.0,13.0,20.0,17.0,26.0
15.0,58.0,62.0,56.0,69.0,141.0,69.0,67.0,69.0,55.0,38.0,21.0,20.0,18.0,23.0,22.0,17.0,25.0,21.0,28.0
15.0,47.0,53.0,47.0,50.0,69.0,118.0,59.0,61.0,63.0,45.0,27.0,22.0,21.0,26.0,19.0,16.0,23.0,15.0,21.0
15.0,42.0,40.0,38.0,49.0,67.0,59.0,129.0,77.0,50.0,48.0,27.0,20.0,20.0,25.0,18.0,15.0,27.0,19.0,22.0
15.0,39.0,56.0,47.0,49.0,69.0,61.0,77.0,140.0,82.0,51.0,34.0,23.0,16.0,22.0,23.0,20.0,31.0,22.0,32.0
17.0,40.0,45.0,42.0,40.0,55.0,63.0,50.0,82.0,130.0,60.0,32.0,34.0,31.0,21.0,21.0,18.0,25.0,20.0,27.0
13.0,32.0,34.0,33.0,26.0,38.0,45.0,48.0,51.0,60.0,109.0,33.0,31.0,32.0,25.0,19.0,14.0,22.0,20.0,26.0
7.0,21.0,30.0,28.0,16.0,21.0,27.0,27.0,34.0,32.0,33.0,76.0,37.0,29.0,22.0,24.0,14.0,19.0,19.0,22.0
7.0,16.0,25.0,26.0,13.0,20.0,22.0,20.0,23.0,34.0,31.0,37.0,67.0,42.0,24.0,21.0,13.0,20.0,19.0,26.0
10.0,22.0,28.0,30.0,16.0,18.0,21.0,20.0,16.0,31.0,32.0,29.0,42.0,68.0,29.0,23.0,19.0,20.0,21.0,21.0
7.0,22.0,26.0,22.0,18.0,23.0,26.0,25.0,22.0,21.0,25.0,22.0,24.0,29.0,65.0,31.0,19.0,28.0,20.0,20.0
6.0,19.0,21.0,16.0,14.0,22.0,19.0,18.0,23.0,21.0,19.0,24.0,21.0,23.0,31.0,59.0,27.0,25.0,27.0,28.0
4.0,16.0,19.0,14.0,13.0,17.0,16.0,15.0,20.0,18.0,14.0,14.0,13.0,19.0,19.0,27.0,55.0,31.0,24.0,24.0
9.0,17.0,25.0,19.0,20.0,25.0,23.0,27.0,31.0,25.0,22.0,19.0,20.0,20.0,28.0,25.0,31.0,79.0,42.0,39.0
6.0,20.0,19.0,19.0,17.0,21.0,15.0,19.0,22.0,20.0,20.0,19.0,19.0,21.0,20.0,27.0,24.0,42.0,72.0,43.0
10.0,29.0,29.0,24.0,26.0,28.0,21.0,22.0,32.0,27.0,26.0,22.0,26.0,21.0,20.0,28.0,24.0,39.0,43.0,86.0
