chr11	76139879	+	chr2	63328429	-	.	64	0	10273828_1	99.0	.	BX=AAGTCACAGAATTCCC-1_1,GAGGTGACACCGCTAG-1_1,AGTCGATTCTGCTAGA-1_1,ACTACAGCATCCCTTG-1_1,GTCATTTGTGTGTTCA-1_1,CATCAAGTCGCAAGCC-1_1,GACACATGTGAGGGTT-1_1,TTAGTTCTCTGAAGCT-1_1,GCCAAATAGCCCGAAA-1_1,CTGGCGATCAATCGAC-1_1,CCTAACCTCCTATGAG-1_1,ATATTCCCAGTGAATA-1_1,GACCAATAGGTGCTTT-1_2,TGGCATAAGATTCACC-1_2,CTCTTAACAGGTCCCA-1_3,TTGAGCACATTCGTTT-1_1,CGTTAGAAGCAATTGA-1_1,TTGACTTTCCGTAGGC-1_1,CGGAACCTCATAAGCC-1_1,TCCGGAGCATCCTTGC-1_1,GCTATAGTCCGTTAAG-1_1,TACCCACCAATAAGCA-1_1,ACTCAGAAGTGGACGT-1_1,AGCTGGCAGCAGTAGC-1_1,CGTGAGCTCACTACAG-1_1,CAAAGCTCACTTACGA-1_1,GTCACCTCATTCCTCG-1_1,TATTACCTCCAGAAGG-1_1,AGCGGTCCATGTAGAA-1_1,TTTGTGTAGGAATCAT-1_1,TACAAGCAGGTAACGC-1_3,CCAGTGGAGAGTAAGG-1_1,ATTTCTGTCCAACCGG-1_1,GCCGGATAGATTGAGT-1_2,ACTAAGCGTTTGACAC-1_1,GTCGTGGTCGCTTGAA-1_1,CTCTTAAAGCCCGTTG-1_1,GTTAAGCCAGACAGGT-1_2,ACATGTGGTTGAGGTG-1_1,CTATGAGAGGTATCAA-1_1,GTTGCCTTCCACTCGT-1_1,TCGGGCAAGAAGTGCC-1_2,AGGGCAATCCTCTACG-1_1,CCGGGATCACGCTTTC-1_1,CTCGAAACAGACACGA-1_1,AGCAATCAGAGGGTTC-1_1,GGGTCTGCAGATCACT-1_1,ACGCTCTAGTTCTGTG-1_3,CAGGTATTCCGACGTG-1_1,CACATTTGTGAGCACA-1_1,ATCACCCTCTCCACTG-1_1,CGGTGTGTCTGTGCAA-1_1;DISC_MAPQ=57;EVDNC=DSCRD;IMPRECISE;MAPQ=57;MATEID=10273828_2;MATENM=-1;NM=-1;NUMPARTS=0;SCTG=2:63328429(+)-11:76139879(+)__11_76121501_76146501D;SPAN=-1;SVTYPE=BND;TOOL=svaba;GENOTYPE=OC001B.bam(GT:0/0 AD:0 DP:31 GQ:8.4 PL:[0.0, 8.4, 92.4] SR:0 DR:0 LR:8.71 LO:0.0),OC001T.bam(GT:0/1 AD:64 DP:81 GQ:13.7 PL:[188.6, 0.0, 13.7] SR:0 DR:64 LR:-197.2 LO:197.2);ALT=t]chr11:76139879];VARTYPE=BND:TRX-tt;JOINTYPE=tt	.
chr11	76139879	+	chr2	63328429	-	.	64	0	10273828_1	99.0	.	BX=AAGTCACAGAATTCCC-1_1,GAGGTGACACCGCTAG-1_1,AGTCGATTCTGCTAGA-1_1,ACTACAGCATCCCTTG-1_1,GTCATTTGTGTGTTCA-1_1,CATCAAGTCGCAAGCC-1_1,GACACATGTGAGGGTT-1_1,TTAGTTCTCTGAAGCT-1_1,GCCAAATAGCCCGAAA-1_1,CTGGCGATCAATCGAC-1_1,CCTAACCTCCTATGAG-1_1,ATATTCCCAGTGAATA-1_1,GACCAATAGGTGCTTT-1_2,TGGCATAAGATTCACC-1_2,CTCTTAACAGGTCCCA-1_3,TTGAGCACATTCGTTT-1_1,CGTTAGAAGCAATTGA-1_1,TTGACTTTCCGTAGGC-1_1,CGGAACCTCATAAGCC-1_1,TCCGGAGCATCCTTGC-1_1,GCTATAGTCCGTTAAG-1_1,TACCCACCAATAAGCA-1_1,ACTCAGAAGTGGACGT-1_1,AGCTGGCAGCAGTAGC-1_1,CGTGAGCTCACTACAG-1_1,CAAAGCTCACTTACGA-1_1,GTCACCTCATTCCTCG-1_1,TATTACCTCCAGAAGG-1_1,AGCGGTCCATGTAGAA-1_1,TTTGTGTAGGAATCAT-1_1,TACAAGCAGGTAACGC-1_3,CCAGTGGAGAGTAAGG-1_1,ATTTCTGTCCAACCGG-1_1,GCCGGATAGATTGAGT-1_2,ACTAAGCGTTTGACAC-1_1,GTCGTGGTCGCTTGAA-1_1,CTCTTAAAGCCCGTTG-1_1,GTTAAGCCAGACAGGT-1_2,ACATGTGGTTGAGGTG-1_1,CTATGAGAGGTATCAA-1_1,GTTGCCTTCCACTCGT-1_1,TCGGGCAAGAAGTGCC-1_2,AGGGCAATCCTCTACG-1_1,CCGGGATCACGCTTTC-1_1,CTCGAAACAGACACGA-1_1,AGCAATCAGAGGGTTC-1_1,GGGTCTGCAGATCACT-1_1,ACGCTCTAGTTCTGTG-1_3,CAGGTATTCCGACGTG-1_1,CACATTTGTGAGCACA-1_1,ATCACCCTCTCCACTG-1_1,CGGTGTGTCTGTGCAA-1_1;DISC_MAPQ=57;EVDNC=DSCRD;IMPRECISE;MAPQ=57;MATEID=10273828_2;MATENM=-1;NM=-1;NUMPARTS=0;SCTG=2:63328429(+)-11:76139879(+)__11_76121501_76146501D;SPAN=-1;SVTYPE=BND;TOOL=svaba;GENOTYPE=OC001B.bam(GT:0/0 AD:0 DP:31 GQ:8.4 PL:[0.0, 8.4, 92.4] SR:0 DR:0 LR:8.71 LO:0.0),OC001T.bam(GT:0/1 AD:64 DP:81 GQ:13.7 PL:[188.6, 0.0, 13.7] SR:0 DR:64 LR:-197.2 LO:197.2);ALT=t]chr11:76139879];VARTYPE=BND:TRX-tt;JOINTYPE=tt	.
h=chr2:63327429-63329429	v=chr2:63327429-63329429	resolution=100	axis=0,0
63.0,34.0,35.0,32.0,21.0,26.0,20.0,19.0,13.0,21.0,9.0,10.0,6.0,7.0,6.0,6.0,8.0,8.0,6.0,5.0
34.0,82.0,56.0,37.0,36.0,37.0,32.0,20.0,25.0,29.0,13.0,13.0,12.0,9.0,9.0,9.0,10.0,8.0,9.0,7.0
35.0,56.0,104.0,47.0,40.0,44.0,37.0,36.0,28.0,39.0,11.0,13.0,15.0,15.0,13.0,16.0,14.0,11.0,13.0,8.0
32.0,37.0,47.0,84.0,40.0,35.0,35.0,24.0,23.0,30.0,16.0,17.0,19.0,14.0,15.0,12.0,10.0,8.0,9.0,6.0
21.0,36.0,40.0,40.0,83.0,48.0,33.0,36.0,28.0,34.0,11.0,14.0,14.0,8.0,9.0,10.0,10.0,8.0,10.0,6.0
26.0,37.0,44.0,35.0,48.0,93.0,49.0,41.0,35.0,45.0,18.0,20.0,17.0,13.0,14.0,14.0,15.0,9.0,12.0,8.0
20.0,32.0,37.0,35.0,33.0,49.0,86.0,39.0,33.0,41.0,14.0,14.0,12.0,9.0,11.0,11.0,10.0,7.0,10.0,4.0
19.0,20.0,36.0,24.0,36.0,41.0,39.0,89.0,36.0,44.0,20.0,17.0,18.0,15.0,19.0,16.0,20.0,8.0,13.0,12.0
13.0,25.0,28.0,23.0,28.0,35.0,33.0,36.0,71.0,47.0,17.0,18.0,19.0,13.0,12.0,11.0,13.0,7.0,8.0,7.0
21.0,29.0,39.0,30.0,34.0,45.0,41.0,44.0,47.0,106.0,22.0,23.0,21.0,16.0,15.0,11.0,12.0,8.0,10.0,7.0
9.0,13.0,11.0,16.0,11.0,18.0,14.0,20.0,17.0,22.0,43.0,32.0,25.0,20.0,16.0,11.0,15.0,9.0,10.0,9.0
10.0,13.0,13.0,17.0,14.0,20.0,14.0,17.0,18.0,23.0,32.0,52.0,34.0,23.0,22.0,21.0,17.0,11.0,15.0,12.0
6.0,12.0,15.0,19.0,14.0,17.0,12.0,18.0,19.0,21.0,25.0,34.0,46.0,21.0,23.0,23.0,18.0,12.0,13.0,13.0
7.0,9.0,15.0,14.0,8.0,13.0,9.0,15.0,13.0,16.0,20.0,23.0,21.0,39.0,22.0,21.0,19.0,7.0,14.0,9.0
6.0,9.0,13.0,15.0,9.0,14.0,11.0,19.0,12.0,15.0,16.0,22.0,23.0,22.0,40.0,25.0,24.0,14.0,13.0,11.0
6.0,9.0,16.0,12.0,10.0,14.0,11.0,16.0,11.0,11.0,11.0,21.0,23.0,21.0,25.0,42.0,27.0,17.0,17.0,13.0
8.0,10.0,14.0,10.0,10.0,15.0,10.0,20.0,13.0,12.0,15.0,17.0,18.0,19.0,24.0,27.0,45.0,20.0,19.0,17.0
8.0,8.0,11.0,8.0,8.0,9.0,7.0,8.0,7.0,8.0,9.0,11.0,12.0,7.0,14.0,17.0,20.0,34.0,16.0,14.0
6.0,9.0,13.0,9.0,10.0,12.0,10.0,13.0,8.0,10.0,10.0,15.0,13.0,14.0,13.0,17.0,19.0,16.0,38.0,18.0
5.0,7.0,8.0,6.0,6.0,8.0,4.0,12.0,7.0,7.0,9.0,12.0,13.0,9.0,11.0,13.0,17.0,14.0,18.0,28.0
h=chr2:63327429-63329429	v=chr11:76138879-76140879	resolution=100	axis=1,0
8.0,14.0,7.0,8.0,11.0,6.0,9.0,8.0,13.0,13.0,16.0,1.0,1.0,1.0,1.0,1.0,1.0,1.0,1.0,1.0
9.0,17.0,13.0,14.0,13.0,10.0,10.0,13.0,17.0,12.0,19.0,1.0,1.0,1.0,1.0,1.0,1.0,1.0,1.0,1.0
14.0,16.0,17.0,22.0,15.0,9.0,14.0,13.0,23.0,16.0,26.0,1.0,1.0,1.0,1.0,1.0,1.0,1.0,1.0,1.0
9.0,14.0,11.0,13.0,13.0,11.0,11.0,14.0,19.0,20.0,21.0,1.0,1.0,1.0,1.0,1.0,1.0,1.0,1.0,1.0
8.0,13.0,13.0,16.0,13.0,13.0,11.0,12.0,22.0,16.0,20.0,1.0,1.0,1.0,1.0,1.0,1.0,1.0,1.0,1.0
12.0,16.0,13.0,18.0,18.0,14.0,12.0,16.0,26.0,17.0,24.0,1.0,1.0,1.0,1.0,1.0,1.0,1.0,1.0,1.0
11.0,14.0,15.0,16.0,12.0,13.0,13.0,14.0,18.0,16.0,29.0,1.0,1.0,1.0,1.0,1.0,1.0,1.0,1.0,1.0
9.0,9.0,11.0,11.0,11.0,10.0,9.0,13.0,19.0,20.0,28.0,1.0,1.0,1.0,1.0,1.0,1.0,1.0,1.0,1.0
7.0,17.0,17.0,16.0,8.0,13.0,14.0,15.0,21.0,22.0,23.0,1.0,1.0,1.0,1.0,1.0,1.0,1.0,1.0,1.0
13.0,20.0,18.0,22.0,15.0,17.0,21.0,21.0,32.0,26.0,39.0,1.0,1.0,1.0,1.0,1.0,1.0,1.0,1.0,1.0
1.0,1.0,1.0,1.0,1.0,1.0,1.0,1.0,1.0,1.0,1.0,1.0,1.0,1.0,1.0,1.0,1.0,1.0,1.0,1.0
1.0,1.0,1.0,1.0,1.0,1.0,1.0,1.0,1.0,1.0,1.0,1.0,1.0,1.0,1.0,1.0,1.0,1.0,1.0,1.0
1.0,1.0,1.0,1.0,1.0,1.0,1.0,1.0,1.0,1.0,1.0,1.0,1.0,1.0,1.0,1.0,1.0,1.0,1.0,1.0
1.0,1.0,1.0,1.0,1.0,1.0,1.0,1.0,1.0,1.0,1.0,1.0,1.0,1.0,1.0,1.0,1.0,1.0,1.0,1.0
1.0,1.0,1.0,1.0,1.0,1.0,1.0,1.0,1.0,1.0,1.0,1.0,1.0,1.0,1.0,1.0,1.0,1.0,1.0,1.0
1.0,1.0,1.0,1.0,1.0,1.0,1.0,1.0,1.0,1.0,1.0,1.0,1.0,1.0,1.0,1.0,1.0,1.0,1.0,1.0
1.0,1.0,1.0,1.0,1.0,1.0,1.0,1.0,1.0,1.0,1.0,1.0,1.0,1.0,1.0,1.0,1.0,1.0,1.0,1.0
1.0,1.0,1.0,1.0,1.0,1.0,1.0,1.0,1.0,1.0,1.0,1.0,1.0,1.0,1.0,1.0,1.0,1.0,1.0,1.0
1.0,1.0,1.0,1.0,1.0,1.0,1.0,1.0,1.0,1.0,1.0,1.0,1.0,1.0,1.0,1.0,1.0,1.0,1.0,1.0
1.0,1.0,1.0,1.0,1.0,1.0,1.0,1.0,1.0,1.0,1.0,1.0,1.0,1.0,1.0,1.0,1.0,1.0,1.0,1.0
h=chr11:76138879-76140879	v=chr2:63327429-63329429	resolution=100	axis=0,1
8.0,9.0,14.0,9.0,8.0,12.0,11.0,9.0,7.0,13.0,1.0,1.0,1.0,1.0,1.0,1.0,1.0,1.0,1.0,1.0
14.0,17.0,16.0,14.0,13.0,16.0,14.0,9.0,17.0,20.0,1.0,1.0,1.0,1.0,1.0,1.0,1.0,1.0,1.0,1.0
7.0,13.0,17.0,11.0,13.0,13.0,15.0,11.0,17.0,18.0,1.0,1.0,1.0,1.0,1.0,1.0,1.0,1.0,1.0,1.0
8.0,14.0,22.0,13.0,16.0,18.0,16.0,11.0,16.0,22.0,1.0,1.0,1.0,1.0,1.0,1.0,1.0,1.0,1.0,1.0
11.0,13.0,15.0,13.0,13.0,18.0,12.0,11.0,8.0,15.0,1.0,1.0,1.0,1.0,1.0,1.0,1.0,1.0,1.0,1.0
6.0,10.0,9.0,11.0,13.0,14.0,13.0,10.0,13.0,17.0,1.0,1.0,1.0,1.0,1.0,1.0,1.0,1.0,1.0,1.0
9.0,10.0,14.0,11.0,11.0,12.0,13.0,9.0,14.0,21.0,1.0,1.0,1.0,1.0,1.0,1.0,1.0,1.0,1.0,1.0
8.0,13.0,13.0,14.0,12.0,16.0,14.0,13.0,15.0,21.0,1.0,1.0,1.0,1.0,1.0,1.0,1.0,1.0,1.0,1.0
13.0,17.0,23.0,19.0,22.0,26.0,18.0,19.0,21.0,32.0,1.0,1.0,1.0,1.0,1.0,1.0,1.0,1.0,1.0,1.0
13.0,12.0,16.0,20.0,16.0,17.0,16.0,20.0,22.0,26.0,1.0,1.0,1.0,1.0,1.0,1.0,1.0,1.0,1.0,1.0
16.0,19.0,26.0,21.0,20.0,24.0,29.0,28.0,23.0,39.0,1.0,1.0,1.0,1.0,1.0,1.0,1.0,1.0,1.0,1.0
1.0,1.0,1.0,1.0,1.0,1.0,1.0,1.0,1.0,1.0,1.0,1.0,1.0,1.0,1.0,1.0,1.0,1.0,1.0,1.0
1.0,1.0,1.0,1.0,1.0,1.0,1.0,1.0,1.0,1.0,1.0,1.0,1.0,1.0,1.0,1.0,1.0,1.0,1.0,1.0
1.0,1.0,1.0,1.0,1.0,1.0,1.0,1.0,1.0,1.0,1.0,1.0,1.0,1.0,1.0,1.0,1.0,1.0,1.0,1.0
1.0,1.0,1.0,1.0,1.0,1.0,1.0,1.0,1.0,1.0,1.0,1.0,1.0,1.0,1.0,1.0,1.0,1.0,1.0,1.0
1.0,1.0,1.0,1.0,1.0,1.0,1.0,1.0,1.0,1.0,1.0,1.0,1.0,1.0,1.0,1.0,1.0,1.0,1.0,1.0
1.0,1.0,1.0,1.0,1.0,1.0,1.0,1.0,1.0,1.0,1.0,1.0,1.0,1.0,1.0,1.0,1.0,1.0,1.0,1.0
1.0,1.0,1.0,1.0,1.0,1.0,1.0,1.0,1.0,1.0,1.0,1.0,1.0,1.0,1.0,1.0,1.0,1.0,1.0,1.0
1.0,1.0,1.0,1.0,1.0,1.0,1.0,1.0,1.0,1.0,1.0,1.0,1.0,1.0,1.0,1.0,1.0,1.0,1.0,1.0
1.0,1.0,1.0,1.0,1.0,1.0,1.0,1.0,1.0,1.0,1.0,1.0,1.0,1.0,1.0,1.0,1.0,1.0,1.0,1.0
h=chr11:76138879-76140879	v=chr11:76138879-76140879	resolution=100	axis=1,1
80.0,52.0,27.0,42.0,33.0,19.0,23.0,24.0,23.0,23.0,32.0,13.0,13.0,14.0,13.0,9.0,18.0,13.0,8.0,11.0
52.0,140.0,56.0,61.0,50.0,37.0,37.0,40.0,43.0,33.0,48.0,36.0,27.0,29.0,24.0,23.0,38.0,31.0,29.0,27.0
27.0,56.0,124.0,72.0,50.0,46.0,46.0,39.0,37.0,34.0,46.0,31.0,24.0,24.0,22.0,18.0,34.0,36.0,33.0,31.0
42.0,61.0,72.0,152.0,57.0,53.0,53.0,48.0,53.0,44.0,53.0,40.0,30.0,28.0,29.0,28.0,32.0,36.0,25.0,32.0
33.0,50.0,50.0,57.0,112.0,41.0,39.0,37.0,41.0,29.0,38.0,23.0,21.0,24.0,16.0,20.0,24.0,20.0,17.0,22.0
19.0,37.0,46.0,53.0,41.0,125.0,68.0,46.0,48.0,47.0,53.0,37.0,22.0,24.0,20.0,21.0,23.0,30.0,25.0,34.0
23.0,37.0,46.0,53.0,39.0,68.0,127.0,62.0,48.0,51.0,62.0,36.0,25.0,19.0,25.0,22.0,27.0,31.0,26.0,34.0
24.0,40.0,39.0,48.0,37.0,46.0,62.0,131.0,66.0,51.0,70.0,38.0,23.0,16.0,21.0,22.0,21.0,24.0,22.0,30.0
23.0,43.0,37.0,53.0,41.0,48.0,48.0,66.0,147.0,66.0,71.0,49.0,34.0,19.0,19.0,23.0,25.0,29.0,22.0,31.0
23.0,33.0,34.0,44.0,29.0,47.0,51.0,51.0,66.0,139.0,90.0,45.0,33.0,22.0,25.0,19.0,25.0,30.0,19.0,22.0
32.0,48.0,46.0,53.0,38.0,53.0,62.0,70.0,71.0,90.0,183.0,64.0,44.0,35.0,38.0,27.0,39.0,42.0,34.0,32.0
13.0,36.0,31.0,40.0,23.0,37.0,36.0,38.0,49.0,45.0,64.0,114.0,57.0,37.0,40.0,37.0,38.0,45.0,32.0,31.0
13.0,27.0,24.0,30.0,21.0,22.0,25.0,23.0,34.0,33.0,44.0,57.0,87.0,38.0,32.0,31.0,35.0,33.0,27.0,20.0
14.0,29.0,24.0,28.0,24.0,24.0,19.0,16.0,19.0,22.0,35.0,37.0,38.0,82.0,37.0,34.0,44.0,37.0,32.0,25.0
13.0,24.0,22.0,29.0,16.0,20.0,25.0,21.0,19.0,25.0,38.0,40.0,32.0,37.0,76.0,36.0,38.0,35.0,31.0,32.0
9.0,23.0,18.0,28.0,20.0,21.0,22.0,22.0,23.0,19.0,27.0,37.0,31.0,34.0,36.0,83.0,51.0,45.0,43.0,40.0
18.0,38.0,34.0,32.0,24.0,23.0,27.0,21.0,25.0,25.0,39.0,38.0,35.0,44.0,38.0,51.0,105.0,61.0,49.0,50.0
13.0,31.0,36.0,36.0,20.0,30.0,31.0,24.0,29.0,30.0,42.0,45.0,33.0,37.0,35.0,45.0,61.0,108.0,62.0,52.0
8.0,29.0,33.0,25.0,17.0,25.0,26.0,22.0,22.0,19.0,34.0,32.0,27.0,32.0,31.0,43.0,49.0,62.0,104.0,59.0
11.0,27.0,31.0,32.0,22.0,34.0,34.0,30.0,31.0,22.0,32.0,31.0,20.0,25.0,32.0,40.0,50.0,52.0,59.0,106.0
