chr11	76139879	+	chr2	63328429	-	.	64	0	10273828_1	99.0	.	BX=AAGTCACAGAATTCCC-1_1,GAGGTGACACCGCTAG-1_1,AGTCGATTCTGCTAGA-1_1,ACTACAGCATCCCTTG-1_1,GTCATTTGTGTGTTCA-1_1,CATCAAGTCGCAAGCC-1_1,GACACATGTGAGGGTT-1_1,TTAGTTCTCTGAAGCT-1_1,GCCAAATAGCCCGAAA-1_1,CTGGCGATCAATCGAC-1_1,CCTAACCTCCTATGAG-1_1,ATATTCCCAGTGAATA-1_1,GACCAATAGGTGCTTT-1_2,TGGCATAAGATTCACC-1_2,CTCTTAACAGGTCCCA-1_3,TTGAGCACATTCGTTT-1_1,CGTTAGAAGCAATTGA-1_1,TTGACTTTCCGTAGGC-1_1,CGGAACCTCATAAGCC-1_1,TCCGGAGCATCCTTGC-1_1,GCTATAGTCCGTTAAG-1_1,TACCCACCAATAAGCA-1_1,ACTCAGAAGTGGACGT-1_1,AGCTGGCAGCAGTAGC-1_1,CGTGAGCTCACTACAG-1_1,CAAAGCTCACTTACGA-1_1,GTCACCTCATTCCTCG-1_1,TATTACCTCCAGAAGG-1_1,AGCGGTCCATGTAGAA-1_1,TTTGTGTAGGAATCAT-1_1,TACAAGCAGGTAACGC-1_3,CCAGTGGAGAGTAAGG-1_1,ATTTCTGTCCAACCGG-1_1,GCCGGATAGATTGAGT-1_2,ACTAAGCGTTTGACAC-1_1,GTCGTGGTCGCTTGAA-1_1,CTCTTAAAGCCCGTTG-1_1,GTTAAGCCAGACAGGT-1_2,ACATGTGGTTGAGGTG-1_1,CTATGAGAGGTATCAA-1_1,GTTGCCTTCCACTCGT-1_1,TCGGGCAAGAAGTGCC-1_2,AGGGCAATCCTCTACG-1_1,CCGGGATCACGCTTTC-1_1,CTCGAAACAGACACGA-1_1,AGCAATCAGAGGGTTC-1_1,GGGTCTGCAGATCACT-1_1,ACGCTCTAGTTCTGTG-1_3,CAGGTATTCCGACGTG-1_1,CACATTTGTGAGCACA-1_1,ATCACCCTCTCCACTG-1_1,CGGTGTGTCTGTGCAA-1_1;DISC_MAPQ=57;EVDNC=DSCRD;IMPRECISE;MAPQ=57;MATEID=10273828_2;MATENM=-1;NM=-1;NUMPARTS=0;SCTG=2:63328429(+)-11:76139879(+)__11_76121501_76146501D;SPAN=-1;SVTYPE=BND;TOOL=svaba;GENOTYPE=OC001B.bam(GT:0/0 AD:0 DP:31 GQ:8.4 PL:[0.0, 8.4, 92.4] SR:0 DR:0 LR:8.71 LO:0.0),OC001T.bam(GT:0/1 AD:64 DP:81 GQ:13.7 PL:[188.6, 0.0, 13.7] SR:0 DR:64 LR:-197.2 LO:197.2);ALT=t]chr11:76139879];VARTYPE=BND:TRX-tt;JOINTYPE=tt	.
chr11	76139879	+	chr2	63328429	-	.	64	0	10273828_1	99.0	.	BX=AAGTCACAGAATTCCC-1_1,GAGGTGACACCGCTAG-1_1,AGTCGATTCTGCTAGA-1_1,ACTACAGCATCCCTTG-1_1,GTCATTTGTGTGTTCA-1_1,CATCAAGTCGCAAGCC-1_1,GACACATGTGAGGGTT-1_1,TTAGTTCTCTGAAGCT-1_1,GCCAAATAGCCCGAAA-1_1,CTGGCGATCAATCGAC-1_1,CCTAACCTCCTATGAG-1_1,ATATTCCCAGTGAATA-1_1,GACCAATAGGTGCTTT-1_2,TGGCATAAGATTCACC-1_2,CTCTTAACAGGTCCCA-1_3,TTGAGCACATTCGTTT-1_1,CGTTAGAAGCAATTGA-1_1,TTGACTTTCCGTAGGC-1_1,CGGAACCTCATAAGCC-1_1,TCCGGAGCATCCTTGC-1_1,GCTATAGTCCGTTAAG-1_1,TACCCACCAATAAGCA-1_1,ACTCAGAAGTGGACGT-1_1,AGCTGGCAGCAGTAGC-1_1,CGTGAGCTCACTACAG-1_1,CAAAGCTCACTTACGA-1_1,GTCACCTCATTCCTCG-1_1,TATTACCTCCAGAAGG-1_1,AGCGGTCCATGTAGAA-1_1,TTTGTGTAGGAATCAT-1_1,TACAAGCAGGTAACGC-1_3,CCAGTGGAGAGTAAGG-1_1,ATTTCTGTCCAACCGG-1_1,GCCGGATAGATTGAGT-1_2,ACTAAGCGTTTGACAC-1_1,GTCGTGGTCGCTTGAA-1_1,CTCTTAAAGCCCGTTG-1_1,GTTAAGCCAGACAGGT-1_2,ACATGTGGTTGAGGTG-1_1,CTATGAGAGGTATCAA-1_1,GTTGCCTTCCACTCGT-1_1,TCGGGCAAGAAGTGCC-1_2,AGGGCAATCCTCTACG-1_1,CCGGGATCACGCTTTC-1_1,CTCGAAACAGACACGA-1_1,AGCAATCAGAGGGTTC-1_1,GGGTCTGCAGATCACT-1_1,ACGCTCTAGTTCTGTG-1_3,CAGGTATTCCGACGTG-1_1,CACATTTGTGAGCACA-1_1,ATCACCCTCTCCACTG-1_1,CGGTGTGTCTGTGCAA-1_1;DISC_MAPQ=57;EVDNC=DSCRD;IMPRECISE;MAPQ=57;MATEID=10273828_2;MATENM=-1;NM=-1;NUMPARTS=0;SCTG=2:63328429(+)-11:76139879(+)__11_76121501_76146501D;SPAN=-1;SVTYPE=BND;TOOL=svaba;GENOTYPE=OC001B.bam(GT:0/0 AD:0 DP:31 GQ:8.4 PL:[0.0, 8.4, 92.4] SR:0 DR:0 LR:8.71 LO:0.0),OC001T.bam(GT:0/1 AD:64 DP:81 GQ:13.7 PL:[188.6, 0.0, 13.7] SR:0 DR:64 LR:-197.2 LO:197.2);ALT=t]chr11:76139879];VARTYPE=BND:TRX-tt;JOINTYPE=tt	.
h=chr2:63327429-63329429	v=chr2:63327429-63329429	resolution=100	axis=0,0
102.0,34.0,26.0,24.0,16.0,8.0,0.0,2.0,0.0,0.0,0.0,0.0,0.0,0.0,0.0,0.0,0.0,0.0,0.0,0.0
34.0,155.0,57.0,18.0,34.0,16.0,3.0,0.0,1.0,0.0,0.0,0.0,0.0,0.0,0.0,0.0,0.0,0.0,0.0,0.0
26.0,57.0,190.0,49.0,33.0,37.0,14.0,7.0,4.0,1.0,0.0,0.0,0.0,0.0,0.0,0.0,0.0,0.0,0.0,0.0
24.0,18.0,49.0,146.0,47.0,32.0,37.0,12.0,2.0,1.0,0.0,0.0,0.0,0.0,0.0,0.0,0.0,0.0,0.0,0.0
16.0,34.0,33.0,47.0,160.0,58.0,25.0,31.0,7.0,4.0,1.0,0.0,0.0,0.0,0.0,0.0,0.0,0.0,0.0,0.0
8.0,16.0,37.0,32.0,58.0,166.0,52.0,38.0,20.0,14.0,2.0,3.0,1.0,0.0,0.0,0.0,0.0,0.0,0.0,0.0
0.0,3.0,14.0,37.0,25.0,52.0,148.0,48.0,19.0,25.0,2.0,2.0,0.0,0.0,0.0,0.0,0.0,0.0,0.0,0.0
2.0,0.0,7.0,12.0,31.0,38.0,48.0,145.0,30.0,26.0,9.0,4.0,4.0,1.0,1.0,0.0,0.0,0.0,0.0,0.0
0.0,1.0,4.0,2.0,7.0,20.0,19.0,30.0,123.0,54.0,16.0,17.0,10.0,0.0,0.0,0.0,0.0,0.0,0.0,0.0
0.0,0.0,1.0,1.0,4.0,14.0,25.0,26.0,54.0,170.0,25.0,25.0,19.0,6.0,4.0,2.0,0.0,0.0,0.0,0.0
0.0,0.0,0.0,0.0,1.0,2.0,2.0,9.0,16.0,25.0,79.0,35.0,24.0,14.0,6.0,2.0,2.0,1.0,0.0,0.0
0.0,0.0,0.0,0.0,0.0,3.0,2.0,4.0,17.0,25.0,35.0,93.0,38.0,20.0,14.0,3.0,3.0,0.0,1.0,0.0
0.0,0.0,0.0,0.0,0.0,1.0,0.0,4.0,10.0,19.0,24.0,38.0,81.0,24.0,11.0,17.0,8.0,2.0,1.0,0.0
0.0,0.0,0.0,0.0,0.0,0.0,0.0,1.0,0.0,6.0,14.0,20.0,24.0,76.0,32.0,23.0,18.0,1.0,1.0,0.0
0.0,0.0,0.0,0.0,0.0,0.0,0.0,1.0,0.0,4.0,6.0,14.0,11.0,32.0,74.0,22.0,27.0,12.0,3.0,1.0
0.0,0.0,0.0,0.0,0.0,0.0,0.0,0.0,0.0,2.0,2.0,3.0,17.0,23.0,22.0,78.0,31.0,18.0,13.0,6.0
0.0,0.0,0.0,0.0,0.0,0.0,0.0,0.0,0.0,0.0,2.0,3.0,8.0,18.0,27.0,31.0,77.0,22.0,11.0,10.0
0.0,0.0,0.0,0.0,0.0,0.0,0.0,0.0,0.0,0.0,1.0,0.0,2.0,1.0,12.0,18.0,22.0,58.0,14.0,9.0
0.0,0.0,0.0,0.0,0.0,0.0,0.0,0.0,0.0,0.0,0.0,1.0,1.0,1.0,3.0,13.0,11.0,14.0,62.0,26.0
0.0,0.0,0.0,0.0,0.0,0.0,0.0,0.0,0.0,0.0,0.0,0.0,0.0,0.0,1.0,6.0,10.0,9.0,26.0,50.0
h=chr2:63327429-63329429	v=chr11:76138879-76140879	resolution=100	axis=1,0
0.0,0.0,0.0,0.0,0.0,0.0,0.0,0.0,0.0,0.0,0.0,0.0,0.0,0.0,0.0,0.0,0.0,0.0,0.0,0.0
0.0,0.0,0.0,0.0,0.0,0.0,0.0,0.0,0.0,0.0,0.0,0.0,0.0,0.0,0.0,0.0,0.0,0.0,0.0,0.0
0.0,0.0,0.0,0.0,0.0,0.0,0.0,0.0,0.0,0.0,0.0,0.0,0.0,0.0,0.0,0.0,0.0,0.0,0.0,0.0
0.0,0.0,0.0,0.0,0.0,0.0,0.0,0.0,0.0,0.0,0.0,0.0,0.0,0.0,0.0,0.0,0.0,0.0,0.0,0.0
0.0,0.0,0.0,0.0,0.0,0.0,0.0,0.0,0.0,0.0,0.0,0.0,0.0,0.0,0.0,0.0,0.0,0.0,0.0,0.0
0.0,0.0,0.0,0.0,0.0,0.0,0.0,0.0,1.0,1.0,4.0,0.0,0.0,0.0,0.0,0.0,0.0,0.0,0.0,0.0
0.0,0.0,0.0,0.0,0.0,0.0,1.0,0.0,1.0,6.0,14.0,0.0,0.0,0.0,0.0,0.0,0.0,0.0,0.0,0.0
0.0,0.0,0.0,0.0,0.0,0.0,1.0,0.0,5.0,15.0,21.0,0.0,0.0,0.0,0.0,0.0,0.0,0.0,0.0,0.0
0.0,0.0,0.0,0.0,0.0,0.0,0.0,4.0,6.0,15.0,15.0,0.0,0.0,0.0,0.0,0.0,0.0,0.0,0.0,0.0
0.0,0.0,0.0,0.0,0.0,1.0,3.0,12.0,27.0,20.0,38.0,0.0,0.0,0.0,0.0,0.0,0.0,0.0,0.0,0.0
0.0,0.0,0.0,0.0,0.0,0.0,0.0,0.0,0.0,0.0,0.0,0.0,0.0,0.0,0.0,0.0,0.0,0.0,0.0,0.0
0.0,0.0,0.0,0.0,0.0,0.0,0.0,0.0,0.0,0.0,0.0,0.0,0.0,0.0,0.0,0.0,0.0,0.0,0.0,0.0
0.0,0.0,0.0,0.0,0.0,0.0,0.0,0.0,0.0,0.0,0.0,0.0,0.0,0.0,0.0,0.0,0.0,0.0,0.0,0.0
0.0,0.0,0.0,0.0,0.0,0.0,0.0,0.0,0.0,0.0,0.0,0.0,0.0,0.0,0.0,0.0,0.0,0.0,0.0,0.0
0.0,0.0,0.0,0.0,0.0,0.0,0.0,0.0,0.0,0.0,0.0,0.0,0.0,0.0,0.0,0.0,0.0,0.0,0.0,0.0
0.0,0.0,0.0,0.0,0.0,0.0,0.0,0.0,0.0,0.0,0.0,0.0,0.0,0.0,0.0,0.0,0.0,0.0,0.0,0.0
0.0,0.0,0.0,0.0,0.0,0.0,0.0,0.0,0.0,0.0,0.0,0.0,0.0,0.0,0.0,0.0,0.0,0.0,0.0,0.0
0.0,0.0,0.0,0.0,0.0,0.0,0.0,0.0,0.0,0.0,0.0,0.0,0.0,0.0,0.0,0.0,0.0,0.0,0.0,0.0
0.0,0.0,0.0,0.0,0.0,0.0,0.0,0.0,0.0,0.0,0.0,0.0,0.0,0.0,0.0,0.0,0.0,0.0,0.0,0.0
0.0,0.0,0.0,0.0,0.0,0.0,0.0,0.0,0.0,0.0,0.0,0.0,0.0,0.0,0.0,0.0,0.0,0.0,0.0,0.0
h=chr11:76138879-76140879	v=chr2:63327429-63329429	resolution=100	axis=0,1
0.0,0.0,0.0,0.0,0.0,0.0,0.0,0.0,0.0,0.0,0.0,0.0,0.0,0.0,0.0,0.0,0.0,0.0,0.0,0.0
0.0,0.0,0.0,0.0,0.0,0.0,0.0,0.0,0.0,0.0,0.0,0.0,0.0,0.0,0.0,0.0,0.0,0.0,0.0,0.0
0.0,0.0,0.0,0.0,0.0,0.0,0.0,0.0,0.0,0.0,0.0,0.0,0.0,0.0,0.0,0.0,0.0,0.0,0.0,0.0
0.0,0.0,0.0,0.0,0.0,0.0,0.0,0.0,0.0,0.0,0.0,0.0,0.0,0.0,0.0,0.0,0.0,0.0,0.0,0.0
0.0,0.0,0.0,0.0,0.0,0.0,0.0,0.0,0.0,0.0,0.0,0.0,0.0,0.0,0.0,0.0,0.0,0.0,0.0,0.0
0.0,0.0,0.0,0.0,0.0,0.0,0.0,0.0,0.0,1.0,0.0,0.0,0.0,0.0,0.0,0.0,0.0,0.0,0.0,0.0
0.0,0.0,0.0,0.0,0.0,0.0,1.0,1.0,0.0,3.0,0.0,0.0,0.0,0.0,0.0,0.0,0.0,0.0,0.0,0.0
0.0,0.0,0.0,0.0,0.0,0.0,0.0,0.0,4.0,12.0,0.0,0.0,0.0,0.0,0.0,0.0,0.0,0.0,0.0,0.0
0.0,0.0,0.0,0.0,0.0,1.0,1.0,5.0,6.0,27.0,0.0,0.0,0.0,0.0,0.0,0.0,0.0,0.0,0.0,0.0
0.0,0.0,0.0,0.0,0.0,1.0,6.0,15.0,15.0,20.0,0.0,0.0,0.0,0.0,0.0,0.0,0.0,0.0,0.0,0.0
0.0,0.0,0.0,0.0,0.0,4.0,14.0,21.0,15.0,38.0,0.0,0.0,0.0,0.0,0.0,0.0,0.0,0.0,0.0,0.0
0.0,0.0,0.0,0.0,0.0,0.0,0.0,0.0,0.0,0.0,0.0,0.0,0.0,0.0,0.0,0.0,0.0,0.0,0.0,0.0
0.0,0.0,0.0,0.0,0.0,0.0,0.0,0.0,0.0,0.0,0.0,0.0,0.0,0.0,0.0,0.0,0.0,0.0,0.0,0.0
0.0,0.0,0.0,0.0,0.0,0.0,0.0,0.0,0.0,0.0,0.0,0.0,0.0,0.0,0.0,0.0,0.0,0.0,0.0,0.0
0.0,0.0,0.0,0.0,0.0,0.0,0.0,0.0,0.0,0.0,0.0,0.0,0.0,0.0,0.0,0.0,0.0,0.0,0.0,0.0
0.0,0.0,0.0,0.0,0.0,0.0,0.0,0.0,0.0,0.0,0.0,0.0,0.0,0.0,0.0,0.0,0.0,0.0,0.0,0.0
0.0,0.0,0.0,0.0,0.0,0.0,0.0,0.0,0.0,0.0,0.0,0.0,0.0,0.0,0.0,0.0,0.0,0.0,0.0,0.0
0.0,0.0,0.0,0.0,0.0,0.0,0.0,0.0,0.0,0.0,0.0,0.0,0.0,0.0,0.0,0.0,0.0,0.0,0.0,0.0
0.0,0.0,0.0,0.0,0.0,0.0,0.0,0.0,0.0,0.0,0.0,0.0,0.0,0.0,0.0,0.0,0.0,0.0,0.0,0.0
0.0,0.0,0.0,0.0,0.0,0.0,0.0,0.0,0.0,0.0,0.0,0.0,0.0,0.0,0.0,0.0,0.0,0.0,0.0,0.0
h=chr11:76138879-76140879	v=chr11:76138879-76140879	resolution=100	axis=1,1
128.0,66.0,28.0,39.0,20.0,3.0,3.0,1.0,1.0,0.0,0.0,0.0,0.0,0.0,0.0,0.0,0.0,0.0,0.0,0.0
66.0,258.0,74.0,42.0,39.0,20.0,8.0,1.0,1.0,0.0,0.0,0.0,0.0,0.0,0.0,0.0,0.0,0.0,0.0,0.0
28.0,74.0,233.0,74.0,41.0,34.0,18.0,14.0,2.0,2.0,0.0,0.0,0.0,0.0,0.0,0.0,0.0,0.0,0.0,0.0
39.0,42.0,74.0,253.0,54.0,42.0,40.0,23.0,11.0,4.0,1.0,1.0,0.0,0.0,0.0,0.0,0.0,0.0,0.0,0.0
20.0,39.0,41.0,54.0,179.0,30.0,15.0,22.0,14.0,8.0,1.0,2.0,0.0,0.0,0.0,0.0,0.0,0.0,0.0,0.0
3.0,20.0,34.0,42.0,30.0,196.0,71.0,31.0,40.0,23.0,18.0,5.0,1.0,1.0,1.0,0.0,0.0,0.0,0.0,0.0
3.0,8.0,18.0,40.0,15.0,71.0,214.0,72.0,25.0,50.0,60.0,18.0,6.0,3.0,1.0,0.0,0.0,0.0,0.0,0.0
1.0,1.0,14.0,23.0,22.0,31.0,72.0,220.0,65.0,53.0,73.0,22.0,10.0,4.0,2.0,0.0,0.0,0.0,0.0,0.0
1.0,1.0,2.0,11.0,14.0,40.0,25.0,65.0,224.0,61.0,62.0,38.0,21.0,5.0,2.0,0.0,0.0,0.0,0.0,0.0
0.0,0.0,2.0,4.0,8.0,23.0,50.0,53.0,61.0,237.0,116.0,30.0,14.0,12.0,8.0,0.0,0.0,2.0,2.0,0.0
0.0,0.0,0.0,1.0,1.0,18.0,60.0,73.0,62.0,116.0,314.0,73.0,31.0,31.0,15.0,6.0,0.0,4.0,2.0,0.0
0.0,0.0,0.0,1.0,2.0,5.0,18.0,22.0,38.0,30.0,73.0,187.0,53.0,33.0,35.0,22.0,8.0,7.0,1.0,0.0
0.0,0.0,0.0,0.0,0.0,1.0,6.0,10.0,21.0,14.0,31.0,53.0,125.0,39.0,18.0,19.0,15.0,11.0,6.0,0.0
0.0,0.0,0.0,0.0,0.0,1.0,3.0,4.0,5.0,12.0,31.0,33.0,39.0,149.0,38.0,27.0,40.0,15.0,9.0,0.0
0.0,0.0,0.0,0.0,0.0,1.0,1.0,2.0,2.0,8.0,15.0,35.0,18.0,38.0,130.0,35.0,38.0,20.0,12.0,5.0
0.0,0.0,0.0,0.0,0.0,0.0,0.0,0.0,0.0,0.0,6.0,22.0,19.0,27.0,35.0,129.0,46.0,25.0,26.0,16.0
0.0,0.0,0.0,0.0,0.0,0.0,0.0,0.0,0.0,0.0,0.0,8.0,15.0,40.0,38.0,46.0,178.0,65.0,49.0,37.0
0.0,0.0,0.0,0.0,0.0,0.0,0.0,0.0,0.0,2.0,4.0,7.0,11.0,15.0,20.0,25.0,65.0,178.0,72.0,42.0
0.0,0.0,0.0,0.0,0.0,0.0,0.0,0.0,0.0,2.0,2.0,1.0,6.0,9.0,12.0,26.0,49.0,72.0,173.0,58.0
0.0,0.0,0.0,0.0,0.0,0.0,0.0,0.0,0.0,0.0,0.0,0.0,0.0,0.0,5.0,16.0,37.0,42.0,58.0,180.0
