chr3	106178797	-	chr11	31230228	+	.	37	23	10011507_1	99.0	.	BX=CCGGCAAGTAGGCTCC-1_1,AGCCGTGCACCAACCG-1_1,GATGAGGGTAAACCTC-1_2,GGGTCTGAGTGTCCAT-1_1,ACGCCAGCAATTAAGG-1_1,AGGCGAATCCTATTCA-1_1,CACCAAAAGGAAAGGT-1_1,CATGGCGGTCGTTGGC-1_2,TCGAATGTCCGTCTAC-1_1,GTCCAAAGTTAGAATG-1_2,ATCTCCGTCGACGAAG-1_3,CGATGGCAGGATGTCG-1_1,ATGGGAGCAGTGTAGG-1_5,GGACAGAAGTCTCGGC-1_1,TTCCATAAGCCCGTGT-1_1,TCAACGATCTGAGTAC-1_1,TTCTCCTCAGGGTCAA-1_1,CATATGGTCGTTATCT-1_1,CTGCTGTCAATCGCAT-1_1,CTTATACAGTACCTGT-1_1,AACGTTGGTAGCAAAT-1_1,ACGTATGGTCAAGCGA-1_1,AGGGAACCACACTAAC-1_1,AGCGTATTCTTTCCTC-1_2,TTCGCTGGTGGAAAGA-1_1,GCCGGATAGCTGCATT-1_1,TACTCGCGTGCACCAC-1_1,ACACCAACACAACGGA-1_3,GTGCAGCTCTATGGTG-1_1,GTACGTATCTGAAGCT-1_1,CATCGTCGTCCTGGAC-1_1,GTTCGAAGTACTAGGG-1_1,TGACTTTTCTATGGCA-1_1,GAGCTCGAGGAGCGAG-1_2;DISC_MAPQ=60;EVDNC=ASDIS;HOMSEQ=G;MAPQ=60;MATEID=10011507_2;MATENM=0;NM=1;NUMPARTS=2;SCTG=c_11_31213001_31238001_77C;SPAN=-1;SVTYPE=BND;TOOL=svaba;GENOTYPE=OC001B.bam(GT:0/0 AD:0 DP:25 GQ:6.9 PL:[0.0, 6.9, 75.9] SR:0 DR:0 LR:7.024 LO:0.0),OC001T.bam(GT:1/1 AD:50 DP:28 GQ:13.8 PL:[151.8, 13.8, 0.0] SR:23 DR:37 LR:-151.8 LO:151.8);ALT=[chr11:31230228[g;VARTYPE=BND:TRX-hh;JOINTYPE=hh	.
chr3	106178797	-	chr11	31230228	+	.	37	23	10011507_1	99.0	.	BX=CCGGCAAGTAGGCTCC-1_1,AGCCGTGCACCAACCG-1_1,GATGAGGGTAAACCTC-1_2,GGGTCTGAGTGTCCAT-1_1,ACGCCAGCAATTAAGG-1_1,AGGCGAATCCTATTCA-1_1,CACCAAAAGGAAAGGT-1_1,CATGGCGGTCGTTGGC-1_2,TCGAATGTCCGTCTAC-1_1,GTCCAAAGTTAGAATG-1_2,ATCTCCGTCGACGAAG-1_3,CGATGGCAGGATGTCG-1_1,ATGGGAGCAGTGTAGG-1_5,GGACAGAAGTCTCGGC-1_1,TTCCATAAGCCCGTGT-1_1,TCAACGATCTGAGTAC-1_1,TTCTCCTCAGGGTCAA-1_1,CATATGGTCGTTATCT-1_1,CTGCTGTCAATCGCAT-1_1,CTTATACAGTACCTGT-1_1,AACGTTGGTAGCAAAT-1_1,ACGTATGGTCAAGCGA-1_1,AGGGAACCACACTAAC-1_1,AGCGTATTCTTTCCTC-1_2,TTCGCTGGTGGAAAGA-1_1,GCCGGATAGCTGCATT-1_1,TACTCGCGTGCACCAC-1_1,ACACCAACACAACGGA-1_3,GTGCAGCTCTATGGTG-1_1,GTACGTATCTGAAGCT-1_1,CATCGTCGTCCTGGAC-1_1,GTTCGAAGTACTAGGG-1_1,TGACTTTTCTATGGCA-1_1,GAGCTCGAGGAGCGAG-1_2;DISC_MAPQ=60;EVDNC=ASDIS;HOMSEQ=G;MAPQ=60;MATEID=10011507_2;MATENM=0;NM=1;NUMPARTS=2;SCTG=c_11_31213001_31238001_77C;SPAN=-1;SVTYPE=BND;TOOL=svaba;GENOTYPE=OC001B.bam(GT:0/0 AD:0 DP:25 GQ:6.9 PL:[0.0, 6.9, 75.9] SR:0 DR:0 LR:7.024 LO:0.0),OC001T.bam(GT:1/1 AD:50 DP:28 GQ:13.8 PL:[151.8, 13.8, 0.0] SR:23 DR:37 LR:-151.8 LO:151.8);ALT=[chr11:31230228[g;VARTYPE=BND:TRX-hh;JOINTYPE=hh	.
h=chr3:106177797-106179797	v=chr3:106177797-106179797	resolution=100	axis=0,0
19.0,19.0,6.0,10.0,11.0,5.0,5.0,5.0,7.0,6.0,8.0,7.0,5.0,8.0,7.0,10.0,10.0,9.0,10.0,3.0
19.0,68.0,35.0,22.0,33.0,24.0,20.0,20.0,15.0,16.0,19.0,27.0,24.0,24.0,20.0,33.0,26.0,20.0,29.0,20.0
6.0,35.0,68.0,30.0,32.0,29.0,23.0,20.0,12.0,12.0,17.0,20.0,17.0,21.0,14.0,29.0,28.0,21.0,25.0,22.0
10.0,22.0,30.0,62.0,37.0,24.0,31.0,19.0,12.0,17.0,16.0,19.0,17.0,18.0,12.0,23.0,23.0,19.0,21.0,18.0
11.0,33.0,32.0,37.0,79.0,37.0,29.0,32.0,19.0,23.0,19.0,23.0,21.0,21.0,16.0,25.0,25.0,23.0,29.0,22.0
5.0,24.0,29.0,24.0,37.0,62.0,32.0,25.0,19.0,14.0,14.0,22.0,16.0,16.0,14.0,21.0,21.0,17.0,22.0,17.0
5.0,20.0,23.0,31.0,29.0,32.0,59.0,34.0,17.0,17.0,14.0,21.0,17.0,15.0,13.0,24.0,18.0,17.0,23.0,20.0
5.0,20.0,20.0,19.0,32.0,25.0,34.0,63.0,29.0,21.0,20.0,24.0,18.0,17.0,12.0,24.0,24.0,16.0,20.0,19.0
7.0,15.0,12.0,12.0,19.0,19.0,17.0,29.0,45.0,22.0,21.0,28.0,11.0,13.0,16.0,15.0,18.0,12.0,19.0,12.0
6.0,16.0,12.0,17.0,23.0,14.0,17.0,21.0,22.0,49.0,17.0,24.0,25.0,22.0,20.0,26.0,25.0,21.0,26.0,17.0
8.0,19.0,17.0,16.0,19.0,14.0,14.0,20.0,21.0,17.0,52.0,37.0,16.0,24.0,19.0,23.0,23.0,19.0,18.0,17.0
7.0,27.0,20.0,19.0,23.0,22.0,21.0,24.0,28.0,24.0,37.0,83.0,36.0,34.0,36.0,40.0,37.0,29.0,37.0,27.0
5.0,24.0,17.0,17.0,21.0,16.0,17.0,18.0,11.0,25.0,16.0,36.0,83.0,48.0,33.0,42.0,36.0,26.0,33.0,26.0
8.0,24.0,21.0,18.0,21.0,16.0,15.0,17.0,13.0,22.0,24.0,34.0,48.0,102.0,50.0,58.0,56.0,42.0,42.0,32.0
7.0,20.0,14.0,12.0,16.0,14.0,13.0,12.0,16.0,20.0,19.0,36.0,33.0,50.0,88.0,61.0,54.0,44.0,44.0,29.0
10.0,33.0,29.0,23.0,25.0,21.0,24.0,24.0,15.0,26.0,23.0,40.0,42.0,58.0,61.0,118.0,77.0,56.0,60.0,40.0
10.0,26.0,28.0,23.0,25.0,21.0,18.0,24.0,18.0,25.0,23.0,37.0,36.0,56.0,54.0,77.0,124.0,70.0,63.0,49.0
9.0,20.0,21.0,19.0,23.0,17.0,17.0,16.0,12.0,21.0,19.0,29.0,26.0,42.0,44.0,56.0,70.0,102.0,47.0,37.0
10.0,29.0,25.0,21.0,29.0,22.0,23.0,20.0,19.0,26.0,18.0,37.0,33.0,42.0,44.0,60.0,63.0,47.0,108.0,48.0
3.0,20.0,22.0,18.0,22.0,17.0,20.0,19.0,12.0,17.0,17.0,27.0,26.0,32.0,29.0,40.0,49.0,37.0,48.0,84.0
h=chr3:106177797-106179797	v=chr11:31229228-31231228	resolution=100	axis=1,0
0.0,1.0,1.0,1.0,0.0,1.0,1.0,1.0,1.0,1.0,1.0,1.0,1.0,1.0,1.0,1.0,1.0,1.0,1.0,1.0
0.0,1.0,1.0,1.0,0.0,1.0,1.0,1.0,1.0,1.0,1.0,1.0,1.0,1.0,1.0,1.0,1.0,1.0,1.0,1.0
0.0,1.0,1.0,1.0,0.0,1.0,1.0,1.0,1.0,1.0,1.0,1.0,1.0,1.0,1.0,1.0,1.0,1.0,1.0,1.0
0.0,1.0,1.0,1.0,0.0,1.0,1.0,1.0,1.0,1.0,1.0,1.0,1.0,1.0,1.0,1.0,1.0,1.0,1.0,1.0
0.0,1.0,1.0,1.0,0.0,1.0,1.0,1.0,1.0,1.0,1.0,1.0,1.0,1.0,1.0,1.0,1.0,1.0,1.0,1.0
0.0,1.0,1.0,1.0,0.0,1.0,1.0,1.0,1.0,1.0,1.0,1.0,1.0,1.0,1.0,1.0,1.0,1.0,1.0,1.0
0.0,1.0,1.0,1.0,0.0,1.0,1.0,1.0,1.0,1.0,1.0,1.0,1.0,1.0,1.0,1.0,1.0,1.0,1.0,1.0
0.0,1.0,1.0,1.0,0.0,1.0,1.0,1.0,1.0,1.0,1.0,1.0,1.0,1.0,1.0,1.0,1.0,1.0,1.0,1.0
0.0,1.0,1.0,1.0,0.0,1.0,1.0,1.0,1.0,1.0,1.0,1.0,1.0,1.0,1.0,1.0,1.0,1.0,1.0,1.0
0.0,0.0,0.0,0.0,0.0,0.0,0.0,0.0,0.0,0.0,0.0,0.0,0.0,0.0,0.0,0.0,0.0,0.0,0.0,0.0
0.0,1.0,1.0,1.0,0.0,1.0,1.0,1.0,1.0,1.0,1.0,1.0,1.0,1.0,1.0,1.0,1.0,1.0,1.0,1.0
0.0,1.0,1.0,1.0,0.0,1.0,1.0,1.0,1.0,1.0,1.0,12.0,8.0,8.0,6.0,5.0,5.0,6.0,5.0,6.0
0.0,1.0,1.0,1.0,0.0,1.0,1.0,1.0,1.0,1.0,1.0,13.0,14.0,10.0,7.0,7.0,7.0,11.0,9.0,7.0
0.0,1.0,1.0,1.0,0.0,1.0,1.0,1.0,1.0,1.0,1.0,11.0,13.0,10.0,10.0,11.0,11.0,13.0,14.0,11.0
0.0,1.0,1.0,1.0,0.0,1.0,1.0,1.0,1.0,1.0,1.0,8.0,8.0,10.0,10.0,8.0,8.0,12.0,12.0,10.0
0.0,1.0,1.0,1.0,0.0,1.0,1.0,1.0,1.0,1.0,1.0,8.0,10.0,6.0,9.0,11.0,10.0,11.0,14.0,10.0
0.0,1.0,1.0,1.0,0.0,1.0,1.0,1.0,1.0,1.0,1.0,9.0,10.0,10.0,12.0,13.0,10.0,14.0,14.0,13.0
0.0,1.0,1.0,1.0,0.0,1.0,1.0,1.0,1.0,1.0,1.0,10.0,9.0,10.0,9.0,15.0,12.0,14.0,12.0,12.0
0.0,1.0,1.0,1.0,0.0,1.0,1.0,1.0,1.0,1.0,1.0,7.0,10.0,11.0,7.0,9.0,7.0,13.0,12.0,9.0
0.0,1.0,1.0,1.0,0.0,1.0,1.0,1.0,1.0,1.0,1.0,5.0,7.0,6.0,6.0,9.0,7.0,9.0,10.0,5.0
h=chr11:31229228-31231228	v=chr3:106177797-106179797	resolution=100	axis=0,1
0.0,0.0,0.0,0.0,0.0,0.0,0.0,0.0,0.0,0.0,0.0,0.0,0.0,0.0,0.0,0.0,0.0,0.0,0.0,0.0
1.0,1.0,1.0,1.0,1.0,1.0,1.0,1.0,1.0,0.0,1.0,1.0,1.0,1.0,1.0,1.0,1.0,1.0,1.0,1.0
1.0,1.0,1.0,1.0,1.0,1.0,1.0,1.0,1.0,0.0,1.0,1.0,1.0,1.0,1.0,1.0,1.0,1.0,1.0,1.0
1.0,1.0,1.0,1.0,1.0,1.0,1.0,1.0,1.0,0.0,1.0,1.0,1.0,1.0,1.0,1.0,1.0,1.0,1.0,1.0
0.0,0.0,0.0,0.0,0.0,0.0,0.0,0.0,0.0,0.0,0.0,0.0,0.0,0.0,0.0,0.0,0.0,0.0,0.0,0.0
1.0,1.0,1.0,1.0,1.0,1.0,1.0,1.0,1.0,0.0,1.0,1.0,1.0,1.0,1.0,1.0,1.0,1.0,1.0,1.0
1.0,1.0,1.0,1.0,1.0,1.0,1.0,1.0,1.0,0.0,1.0,1.0,1.0,1.0,1.0,1.0,1.0,1.0,1.0,1.0
1.0,1.0,1.0,1.0,1.0,1.0,1.0,1.0,1.0,0.0,1.0,1.0,1.0,1.0,1.0,1.0,1.0,1.0,1.0,1.0
1.0,1.0,1.0,1.0,1.0,1.0,1.0,1.0,1.0,0.0,1.0,1.0,1.0,1.0,1.0,1.0,1.0,1.0,1.0,1.0
1.0,1.0,1.0,1.0,1.0,1.0,1.0,1.0,1.0,0.0,1.0,1.0,1.0,1.0,1.0,1.0,1.0,1.0,1.0,1.0
1.0,1.0,1.0,1.0,1.0,1.0,1.0,1.0,1.0,0.0,1.0,1.0,1.0,1.0,1.0,1.0,1.0,1.0,1.0,1.0
1.0,1.0,1.0,1.0,1.0,1.0,1.0,1.0,1.0,0.0,1.0,12.0,13.0,11.0,8.0,8.0,9.0,10.0,7.0,5.0
1.0,1.0,1.0,1.0,1.0,1.0,1.0,1.0,1.0,0.0,1.0,8.0,14.0,13.0,8.0,10.0,10.0,9.0,10.0,7.0
1.0,1.0,1.0,1.0,1.0,1.0,1.0,1.0,1.0,0.0,1.0,8.0,10.0,10.0,10.0,6.0,10.0,10.0,11.0,6.0
1.0,1.0,1.0,1.0,1.0,1.0,1.0,1.0,1.0,0.0,1.0,6.0,7.0,10.0,10.0,9.0,12.0,9.0,7.0,6.0
1.0,1.0,1.0,1.0,1.0,1.0,1.0,1.0,1.0,0.0,1.0,5.0,7.0,11.0,8.0,11.0,13.0,15.0,9.0,9.0
1.0,1.0,1.0,1.0,1.0,1.0,1.0,1.0,1.0,0.0,1.0,5.0,7.0,11.0,8.0,10.0,10.0,12.0,7.0,7.0
1.0,1.0,1.0,1.0,1.0,1.0,1.0,1.0,1.0,0.0,1.0,6.0,11.0,13.0,12.0,11.0,14.0,14.0,13.0,9.0
1.0,1.0,1.0,1.0,1.0,1.0,1.0,1.0,1.0,0.0,1.0,5.0,9.0,14.0,12.0,14.0,14.0,12.0,12.0,10.0
1.0,1.0,1.0,1.0,1.0,1.0,1.0,1.0,1.0,0.0,1.0,6.0,7.0,11.0,10.0,10.0,13.0,12.0,9.0,5.0
h=chr11:31229228-31231228	v=chr11:31229228-31231228	resolution=100	axis=1,1
32.0,18.0,16.0,11.0,10.0,11.0,13.0,14.0,12.0,15.0,11.0,10.0,13.0,13.0,10.0,9.0,7.0,7.0,6.0,8.0
18.0,47.0,29.0,14.0,13.0,22.0,25.0,23.0,18.0,22.0,15.0,15.0,18.0,16.0,20.0,15.0,12.0,12.0,10.0,18.0
16.0,29.0,42.0,16.0,9.0,17.0,20.0,17.0,15.0,18.0,14.0,15.0,20.0,13.0,20.0,20.0,11.0,10.0,10.0,13.0
11.0,14.0,16.0,29.0,14.0,14.0,16.0,12.0,12.0,9.0,10.0,9.0,11.0,8.0,11.0,9.0,6.0,7.0,8.0,11.0
10.0,13.0,9.0,14.0,25.0,11.0,13.0,11.0,11.0,10.0,8.0,8.0,9.0,5.0,11.0,6.0,5.0,6.0,4.0,6.0
11.0,22.0,17.0,14.0,11.0,45.0,33.0,23.0,21.0,23.0,13.0,16.0,18.0,14.0,19.0,16.0,12.0,16.0,14.0,17.0
13.0,25.0,20.0,16.0,13.0,33.0,55.0,31.0,24.0,33.0,19.0,21.0,22.0,17.0,22.0,15.0,13.0,14.0,12.0,21.0
14.0,23.0,17.0,12.0,11.0,23.0,31.0,48.0,24.0,31.0,20.0,14.0,22.0,18.0,20.0,12.0,11.0,15.0,11.0,15.0
12.0,18.0,15.0,12.0,11.0,21.0,24.0,24.0,43.0,29.0,17.0,15.0,18.0,16.0,18.0,10.0,9.0,6.0,9.0,16.0
15.0,22.0,18.0,9.0,10.0,23.0,33.0,31.0,29.0,54.0,27.0,25.0,26.0,20.0,24.0,16.0,11.0,12.0,11.0,15.0
11.0,15.0,14.0,10.0,8.0,13.0,19.0,20.0,17.0,27.0,34.0,19.0,18.0,12.0,16.0,12.0,6.0,8.0,5.0,10.0
10.0,15.0,15.0,9.0,8.0,16.0,21.0,14.0,15.0,25.0,19.0,68.0,39.0,23.0,30.0,23.0,14.0,19.0,16.0,19.0
13.0,18.0,20.0,11.0,9.0,18.0,22.0,22.0,18.0,26.0,18.0,39.0,85.0,40.0,47.0,34.0,26.0,23.0,18.0,16.0
13.0,16.0,13.0,8.0,5.0,14.0,17.0,18.0,16.0,20.0,12.0,23.0,40.0,68.0,47.0,31.0,23.0,24.0,19.0,18.0
10.0,20.0,20.0,11.0,11.0,19.0,22.0,20.0,18.0,24.0,16.0,30.0,47.0,47.0,83.0,40.0,29.0,31.0,30.0,26.0
9.0,15.0,20.0,9.0,6.0,16.0,15.0,12.0,10.0,16.0,12.0,23.0,34.0,31.0,40.0,73.0,36.0,35.0,30.0,22.0
7.0,12.0,11.0,6.0,5.0,12.0,13.0,11.0,9.0,11.0,6.0,14.0,26.0,23.0,29.0,36.0,60.0,37.0,27.0,21.0
7.0,12.0,10.0,7.0,6.0,16.0,14.0,15.0,6.0,12.0,8.0,19.0,23.0,24.0,31.0,35.0,37.0,67.0,36.0,26.0
6.0,10.0,10.0,8.0,4.0,14.0,12.0,11.0,9.0,11.0,5.0,16.0,18.0,19.0,30.0,30.0,27.0,36.0,62.0,33.0
8.0,18.0,13.0,11.0,6.0,17.0,21.0,15.0,16.0,15.0,10.0,19.0,16.0,18.0,26.0,22.0,21.0,26.0,33.0,61.0
