chr3	106178797	-	chr11	31230228	+	.	37	23	10011507_1	99.0	.	BX=CCGGCAAGTAGGCTCC-1_1,AGCCGTGCACCAACCG-1_1,GATGAGGGTAAACCTC-1_2,GGGTCTGAGTGTCCAT-1_1,ACGCCAGCAATTAAGG-1_1,AGGCGAATCCTATTCA-1_1,CACCAAAAGGAAAGGT-1_1,CATGGCGGTCGTTGGC-1_2,TCGAATGTCCGTCTAC-1_1,GTCCAAAGTTAGAATG-1_2,ATCTCCGTCGACGAAG-1_3,CGATGGCAGGATGTCG-1_1,ATGGGAGCAGTGTAGG-1_5,GGACAGAAGTCTCGGC-1_1,TTCCATAAGCCCGTGT-1_1,TCAACGATCTGAGTAC-1_1,TTCTCCTCAGGGTCAA-1_1,CATATGGTCGTTATCT-1_1,CTGCTGTCAATCGCAT-1_1,CTTATACAGTACCTGT-1_1,AACGTTGGTAGCAAAT-1_1,ACGTATGGTCAAGCGA-1_1,AGGGAACCACACTAAC-1_1,AGCGTATTCTTTCCTC-1_2,TTCGCTGGTGGAAAGA-1_1,GCCGGATAGCTGCATT-1_1,TACTCGCGTGCACCAC-1_1,ACACCAACACAACGGA-1_3,GTGCAGCTCTATGGTG-1_1,GTACGTATCTGAAGCT-1_1,CATCGTCGTCCTGGAC-1_1,GTTCGAAGTACTAGGG-1_1,TGACTTTTCTATGGCA-1_1,GAGCTCGAGGAGCGAG-1_2;DISC_MAPQ=60;EVDNC=ASDIS;HOMSEQ=G;MAPQ=60;MATEID=10011507_2;MATENM=0;NM=1;NUMPARTS=2;SCTG=c_11_31213001_31238001_77C;SPAN=-1;SVTYPE=BND;TOOL=svaba;GENOTYPE=OC001B.bam(GT:0/0 AD:0 DP:25 GQ:6.9 PL:[0.0, 6.9, 75.9] SR:0 DR:0 LR:7.024 LO:0.0),OC001T.bam(GT:1/1 AD:50 DP:28 GQ:13.8 PL:[151.8, 13.8, 0.0] SR:23 DR:37 LR:-151.8 LO:151.8);ALT=[chr11:31230228[g;VARTYPE=BND:TRX-hh;JOINTYPE=hh	.
chr3	106178797	-	chr11	31230228	+	.	37	23	10011507_1	99.0	.	BX=CCGGCAAGTAGGCTCC-1_1,AGCCGTGCACCAACCG-1_1,GATGAGGGTAAACCTC-1_2,GGGTCTGAGTGTCCAT-1_1,ACGCCAGCAATTAAGG-1_1,AGGCGAATCCTATTCA-1_1,CACCAAAAGGAAAGGT-1_1,CATGGCGGTCGTTGGC-1_2,TCGAATGTCCGTCTAC-1_1,GTCCAAAGTTAGAATG-1_2,ATCTCCGTCGACGAAG-1_3,CGATGGCAGGATGTCG-1_1,ATGGGAGCAGTGTAGG-1_5,GGACAGAAGTCTCGGC-1_1,TTCCATAAGCCCGTGT-1_1,TCAACGATCTGAGTAC-1_1,TTCTCCTCAGGGTCAA-1_1,CATATGGTCGTTATCT-1_1,CTGCTGTCAATCGCAT-1_1,CTTATACAGTACCTGT-1_1,AACGTTGGTAGCAAAT-1_1,ACGTATGGTCAAGCGA-1_1,AGGGAACCACACTAAC-1_1,AGCGTATTCTTTCCTC-1_2,TTCGCTGGTGGAAAGA-1_1,GCCGGATAGCTGCATT-1_1,TACTCGCGTGCACCAC-1_1,ACACCAACACAACGGA-1_3,GTGCAGCTCTATGGTG-1_1,GTACGTATCTGAAGCT-1_1,CATCGTCGTCCTGGAC-1_1,GTTCGAAGTACTAGGG-1_1,TGACTTTTCTATGGCA-1_1,GAGCTCGAGGAGCGAG-1_2;DISC_MAPQ=60;EVDNC=ASDIS;HOMSEQ=G;MAPQ=60;MATEID=10011507_2;MATENM=0;NM=1;NUMPARTS=2;SCTG=c_11_31213001_31238001_77C;SPAN=-1;SVTYPE=BND;TOOL=svaba;GENOTYPE=OC001B.bam(GT:0/0 AD:0 DP:25 GQ:6.9 PL:[0.0, 6.9, 75.9] SR:0 DR:0 LR:7.024 LO:0.0),OC001T.bam(GT:1/1 AD:50 DP:28 GQ:13.8 PL:[151.8, 13.8, 0.0] SR:23 DR:37 LR:-151.8 LO:151.8);ALT=[chr11:31230228[g;VARTYPE=BND:TRX-hh;JOINTYPE=hh	.
h=chr3:106177797-106179797	v=chr3:106177797-106179797	resolution=100	axis=0,0
25.0,25.0,1.0,6.0,5.0,1.0,0.0,0.0,0.0,0.0,0.0,0.0,0.0,0.0,0.0,0.0,0.0,0.0,0.0,0.0
25.0,115.0,49.0,16.0,26.0,11.0,4.0,0.0,0.0,0.0,0.0,0.0,0.0,0.0,0.0,0.0,0.0,0.0,0.0,0.0
1.0,49.0,126.0,25.0,28.0,21.0,20.0,6.0,0.0,0.0,1.0,1.0,0.0,0.0,0.0,0.0,0.0,0.0,0.0,0.0
6.0,16.0,25.0,100.0,42.0,19.0,25.0,16.0,3.0,2.0,0.0,0.0,0.0,0.0,0.0,0.0,0.0,0.0,0.0,0.0
5.0,26.0,28.0,42.0,136.0,44.0,32.0,34.0,11.0,8.0,4.0,0.0,0.0,0.0,0.0,0.0,0.0,0.0,0.0,0.0
1.0,11.0,21.0,19.0,44.0,97.0,38.0,22.0,18.0,5.0,2.0,2.0,0.0,0.0,0.0,0.0,0.0,0.0,0.0,0.0
0.0,4.0,20.0,25.0,32.0,38.0,102.0,42.0,6.0,12.0,7.0,3.0,1.0,3.0,0.0,0.0,0.0,0.0,0.0,0.0
0.0,0.0,6.0,16.0,34.0,22.0,42.0,104.0,31.0,17.0,13.0,10.0,1.0,0.0,0.0,0.0,0.0,0.0,0.0,0.0
0.0,0.0,0.0,3.0,11.0,18.0,6.0,31.0,75.0,19.0,15.0,19.0,2.0,6.0,2.0,1.0,0.0,0.0,0.0,0.0
0.0,0.0,0.0,2.0,8.0,5.0,12.0,17.0,19.0,81.0,18.0,23.0,22.0,12.0,2.0,1.0,0.0,0.0,0.0,0.0
0.0,0.0,1.0,0.0,4.0,2.0,7.0,13.0,15.0,18.0,86.0,42.0,9.0,21.0,10.0,7.0,2.0,0.0,0.0,0.0
0.0,0.0,1.0,0.0,0.0,2.0,3.0,10.0,19.0,23.0,42.0,135.0,33.0,26.0,21.0,13.0,8.0,4.0,0.0,0.0
0.0,0.0,0.0,0.0,0.0,0.0,1.0,1.0,2.0,22.0,9.0,33.0,132.0,48.0,29.0,27.0,15.0,7.0,0.0,0.0
0.0,0.0,0.0,0.0,0.0,0.0,3.0,0.0,6.0,12.0,21.0,26.0,48.0,191.0,66.0,44.0,44.0,24.0,13.0,2.0
0.0,0.0,0.0,0.0,0.0,0.0,0.0,0.0,2.0,2.0,10.0,21.0,29.0,66.0,159.0,60.0,39.0,34.0,29.0,7.0
0.0,0.0,0.0,0.0,0.0,0.0,0.0,0.0,1.0,1.0,7.0,13.0,27.0,44.0,60.0,211.0,83.0,41.0,66.0,24.0
0.0,0.0,0.0,0.0,0.0,0.0,0.0,0.0,0.0,0.0,2.0,8.0,15.0,44.0,39.0,83.0,221.0,73.0,58.0,44.0
0.0,0.0,0.0,0.0,0.0,0.0,0.0,0.0,0.0,0.0,0.0,4.0,7.0,24.0,34.0,41.0,73.0,159.0,39.0,20.0
0.0,0.0,0.0,0.0,0.0,0.0,0.0,0.0,0.0,0.0,0.0,0.0,0.0,13.0,29.0,66.0,58.0,39.0,180.0,44.0
0.0,0.0,0.0,0.0,0.0,0.0,0.0,0.0,0.0,0.0,0.0,0.0,0.0,2.0,7.0,24.0,44.0,20.0,44.0,135.0
h=chr3:106177797-106179797	v=chr11:31229228-31231228	resolution=100	axis=1,0
0.0,0.0,0.0,0.0,0.0,0.0,0.0,0.0,0.0,0.0,0.0,0.0,0.0,0.0,0.0,0.0,0.0,0.0,0.0,0.0
0.0,0.0,0.0,0.0,0.0,0.0,0.0,0.0,0.0,0.0,0.0,0.0,0.0,0.0,0.0,0.0,0.0,0.0,0.0,0.0
0.0,0.0,0.0,0.0,0.0,0.0,0.0,0.0,0.0,0.0,0.0,0.0,0.0,0.0,0.0,0.0,0.0,0.0,0.0,0.0
0.0,0.0,0.0,0.0,0.0,0.0,0.0,0.0,0.0,0.0,0.0,0.0,0.0,0.0,0.0,0.0,0.0,0.0,0.0,0.0
0.0,0.0,0.0,0.0,0.0,0.0,0.0,0.0,0.0,0.0,0.0,0.0,0.0,0.0,0.0,0.0,0.0,0.0,0.0,0.0
0.0,0.0,0.0,0.0,0.0,0.0,0.0,0.0,0.0,0.0,0.0,0.0,0.0,0.0,0.0,0.0,0.0,0.0,0.0,0.0
0.0,0.0,0.0,0.0,0.0,0.0,0.0,0.0,0.0,0.0,0.0,0.0,0.0,0.0,0.0,0.0,0.0,0.0,0.0,0.0
0.0,0.0,0.0,0.0,0.0,0.0,0.0,0.0,0.0,0.0,0.0,0.0,0.0,0.0,0.0,0.0,0.0,0.0,0.0,0.0
0.0,0.0,0.0,0.0,0.0,0.0,0.0,0.0,0.0,0.0,0.0,0.0,0.0,0.0,0.0,0.0,0.0,0.0,0.0,0.0
0.0,0.0,0.0,0.0,0.0,0.0,0.0,0.0,0.0,0.0,0.0,0.0,0.0,0.0,0.0,0.0,0.0,0.0,0.0,0.0
0.0,0.0,0.0,0.0,0.0,0.0,0.0,0.0,0.0,0.0,0.0,0.0,0.0,0.0,0.0,0.0,0.0,0.0,0.0,0.0
0.0,0.0,0.0,0.0,0.0,0.0,0.0,0.0,0.0,0.0,0.0,13.0,5.0,7.0,5.0,0.0,1.0,0.0,0.0,0.0
0.0,0.0,0.0,0.0,0.0,0.0,0.0,0.0,0.0,0.0,0.0,12.0,13.0,5.0,1.0,1.0,0.0,0.0,0.0,0.0
0.0,0.0,0.0,0.0,0.0,0.0,0.0,0.0,0.0,0.0,0.0,12.0,6.0,6.0,0.0,1.0,1.0,0.0,0.0,0.0
0.0,0.0,0.0,0.0,0.0,0.0,0.0,0.0,0.0,0.0,0.0,2.0,0.0,1.0,0.0,0.0,0.0,0.0,0.0,0.0
0.0,0.0,0.0,0.0,0.0,0.0,0.0,0.0,0.0,0.0,0.0,4.0,0.0,0.0,0.0,0.0,0.0,0.0,0.0,0.0
0.0,0.0,0.0,0.0,0.0,0.0,0.0,0.0,0.0,0.0,0.0,1.0,0.0,0.0,0.0,0.0,0.0,0.0,0.0,0.0
0.0,0.0,0.0,0.0,0.0,0.0,0.0,0.0,0.0,0.0,0.0,1.0,0.0,0.0,0.0,0.0,0.0,0.0,0.0,0.0
0.0,0.0,0.0,0.0,0.0,0.0,0.0,0.0,0.0,0.0,0.0,0.0,0.0,0.0,0.0,0.0,0.0,0.0,0.0,0.0
0.0,0.0,0.0,0.0,0.0,0.0,0.0,0.0,0.0,0.0,0.0,0.0,0.0,0.0,0.0,0.0,0.0,0.0,0.0,0.0
h=chr11:31229228-31231228	v=chr3:106177797-106179797	resolution=100	axis=0,1
0.0,0.0,0.0,0.0,0.0,0.0,0.0,0.0,0.0,0.0,0.0,0.0,0.0,0.0,0.0,0.0,0.0,0.0,0.0,0.0
0.0,0.0,0.0,0.0,0.0,0.0,0.0,0.0,0.0,0.0,0.0,0.0,0.0,0.0,0.0,0.0,0.0,0.0,0.0,0.0
0.0,0.0,0.0,0.0,0.0,0.0,0.0,0.0,0.0,0.0,0.0,0.0,0.0,0.0,0.0,0.0,0.0,0.0,0.0,0.0
0.0,0.0,0.0,0.0,0.0,0.0,0.0,0.0,0.0,0.0,0.0,0.0,0.0,0.0,0.0,0.0,0.0,0.0,0.0,0.0
0.0,0.0,0.0,0.0,0.0,0.0,0.0,0.0,0.0,0.0,0.0,0.0,0.0,0.0,0.0,0.0,0.0,0.0,0.0,0.0
0.0,0.0,0.0,0.0,0.0,0.0,0.0,0.0,0.0,0.0,0.0,0.0,0.0,0.0,0.0,0.0,0.0,0.0,0.0,0.0
0.0,0.0,0.0,0.0,0.0,0.0,0.0,0.0,0.0,0.0,0.0,0.0,0.0,0.0,0.0,0.0,0.0,0.0,0.0,0.0
0.0,0.0,0.0,0.0,0.0,0.0,0.0,0.0,0.0,0.0,0.0,0.0,0.0,0.0,0.0,0.0,0.0,0.0,0.0,0.0
0.0,0.0,0.0,0.0,0.0,0.0,0.0,0.0,0.0,0.0,0.0,0.0,0.0,0.0,0.0,0.0,0.0,0.0,0.0,0.0
0.0,0.0,0.0,0.0,0.0,0.0,0.0,0.0,0.0,0.0,0.0,0.0,0.0,0.0,0.0,0.0,0.0,0.0,0.0,0.0
0.0,0.0,0.0,0.0,0.0,0.0,0.0,0.0,0.0,0.0,0.0,0.0,0.0,0.0,0.0,0.0,0.0,0.0,0.0,0.0
0.0,0.0,0.0,0.0,0.0,0.0,0.0,0.0,0.0,0.0,0.0,13.0,12.0,12.0,2.0,4.0,1.0,1.0,0.0,0.0
0.0,0.0,0.0,0.0,0.0,0.0,0.0,0.0,0.0,0.0,0.0,5.0,13.0,6.0,0.0,0.0,0.0,0.0,0.0,0.0
0.0,0.0,0.0,0.0,0.0,0.0,0.0,0.0,0.0,0.0,0.0,7.0,5.0,6.0,1.0,0.0,0.0,0.0,0.0,0.0
0.0,0.0,0.0,0.0,0.0,0.0,0.0,0.0,0.0,0.0,0.0,5.0,1.0,0.0,0.0,0.0,0.0,0.0,0.0,0.0
0.0,0.0,0.0,0.0,0.0,0.0,0.0,0.0,0.0,0.0,0.0,0.0,1.0,1.0,0.0,0.0,0.0,0.0,0.0,0.0
0.0,0.0,0.0,0.0,0.0,0.0,0.0,0.0,0.0,0.0,0.0,1.0,0.0,1.0,0.0,0.0,0.0,0.0,0.0,0.0
0.0,0.0,0.0,0.0,0.0,0.0,0.0,0.0,0.0,0.0,0.0,0.0,0.0,0.0,0.0,0.0,0.0,0.0,0.0,0.0
0.0,0.0,0.0,0.0,0.0,0.0,0.0,0.0,0.0,0.0,0.0,0.0,0.0,0.0,0.0,0.0,0.0,0.0,0.0,0.0
0.0,0.0,0.0,0.0,0.0,0.0,0.0,0.0,0.0,0.0,0.0,0.0,0.0,0.0,0.0,0.0,0.0,0.0,0.0,0.0
h=chr11:31229228-31231228	v=chr11:31229228-31231228	resolution=100	axis=1,1
49.0,20.0,7.0,5.0,4.0,2.0,2.0,0.0,0.0,0.0,0.0,0.0,0.0,0.0,0.0,0.0,0.0,0.0,0.0,0.0
20.0,79.0,36.0,8.0,9.0,7.0,6.0,4.0,0.0,0.0,0.0,0.0,0.0,0.0,0.0,0.0,0.0,0.0,0.0,0.0
7.0,36.0,70.0,12.0,9.0,9.0,9.0,4.0,1.0,0.0,0.0,0.0,0.0,0.0,0.0,0.0,0.0,0.0,0.0,0.0
5.0,8.0,12.0,48.0,14.0,9.0,21.0,5.0,3.0,0.0,0.0,0.0,0.0,0.0,0.0,0.0,0.0,0.0,0.0,0.0
4.0,9.0,9.0,14.0,41.0,8.0,14.0,6.0,3.0,3.0,0.0,0.0,0.0,0.0,0.0,0.0,0.0,0.0,0.0,0.0
2.0,7.0,9.0,9.0,8.0,72.0,41.0,18.0,22.0,15.0,2.0,1.0,0.0,1.0,1.0,0.0,0.0,0.0,0.0,0.0
2.0,6.0,9.0,21.0,14.0,41.0,96.0,28.0,16.0,24.0,7.0,1.0,2.0,2.0,1.0,0.0,2.0,1.0,0.0,0.0
0.0,4.0,4.0,5.0,6.0,18.0,28.0,71.0,20.0,21.0,8.0,7.0,3.0,1.0,0.0,0.0,0.0,0.0,0.0,0.0
0.0,0.0,1.0,3.0,3.0,22.0,16.0,20.0,67.0,30.0,5.0,12.0,9.0,4.0,3.0,0.0,0.0,0.0,0.0,0.0
0.0,0.0,0.0,0.0,3.0,15.0,24.0,21.0,30.0,106.0,32.0,31.0,25.0,7.0,3.0,0.0,0.0,0.0,0.0,0.0
0.0,0.0,0.0,0.0,0.0,2.0,7.0,8.0,5.0,32.0,55.0,22.0,13.0,6.0,5.0,2.0,0.0,0.0,0.0,0.0
0.0,0.0,0.0,0.0,0.0,1.0,1.0,7.0,12.0,31.0,22.0,120.0,54.0,14.0,24.0,10.0,1.0,1.0,1.0,0.0
0.0,0.0,0.0,0.0,0.0,0.0,2.0,3.0,9.0,25.0,13.0,54.0,137.0,40.0,37.0,24.0,12.0,2.0,1.0,0.0
0.0,0.0,0.0,0.0,0.0,1.0,2.0,1.0,4.0,7.0,6.0,14.0,40.0,121.0,58.0,29.0,26.0,16.0,8.0,0.0
0.0,0.0,0.0,0.0,0.0,1.0,1.0,0.0,3.0,3.0,5.0,24.0,37.0,58.0,151.0,44.0,19.0,34.0,26.0,7.0
0.0,0.0,0.0,0.0,0.0,0.0,0.0,0.0,0.0,0.0,2.0,10.0,24.0,29.0,44.0,110.0,27.0,27.0,20.0,9.0
0.0,0.0,0.0,0.0,0.0,0.0,2.0,0.0,0.0,0.0,0.0,1.0,12.0,26.0,19.0,27.0,98.0,41.0,20.0,24.0
0.0,0.0,0.0,0.0,0.0,0.0,1.0,0.0,0.0,0.0,0.0,1.0,2.0,16.0,34.0,27.0,41.0,122.0,37.0,23.0
0.0,0.0,0.0,0.0,0.0,0.0,0.0,0.0,0.0,0.0,0.0,1.0,1.0,8.0,26.0,20.0,20.0,37.0,109.0,36.0
0.0,0.0,0.0,0.0,0.0,0.0,0.0,0.0,0.0,0.0,0.0,0.0,0.0,0.0,7.0,9.0,24.0,23.0,36.0,106.0
